100.0000 100.0000 100.0000 100.0000 100.0000 100.0000 100.0000 100.0000 100.0000 100.0000 100.0000 100.0000 99.9999 99.9999 99.9998 99.9998 99.9997 99.9996 99.9996 99.9995 99.9995 99.9989 99.9989 99.9989 99.9989 99.9989 99.9989 99.9989 99.9989 -0.0266 -0.0762 -0.1548 -0.2835 -0.4794 -0.7874 -1.2770 -2.0206 -3.1330 -5.0339 -7.6506 -11.4717 -15.9710 -20.1287 -22.0110 -20.4907 -16.7359 -12.1055 -8.2999 -5.4445 -3.4280 -2.1959 -1.3941 -0.8658 -0.5323 -0.3180 -0.1765 -0.0904 -0.0355
100.0000 100.0000 100.0000 100.0000 100.0000 100.0000 100.0000 100.0000 100.0000 100.0000 100.0000 100.0000 99.9999 99.9999 99.9998 99.9998 99.9997 99.9996 99.9996 99.9995 99.9995 99.9988 99.9988 99.9988 99.9988 99.9988 99.9988 99.9988 99.9988 -0.0961 -0.1611 -0.2640 -0.4309 -0.6864 -1.0847 -1.7153 -2.6676 -4.0805 -6.6862 -10.1933 -15.6161 -22.0132 -28.0516 -30.9430 -28.9649 -23.4521 -16.8780 -11.3382 -7.3253 -4.5057 -2.9321 -1.8933 -1.2043 -0.7661 -0.4827 -0.2968 -0.1824 -0.1095
100.0000 100.0000 100.0000 100.0000 100.0000 100.0000 100.0000 100.0000 100.0000 100.0000 100.0000 100.0000 99.9999 99.9999 99.9998 99.9998 99.9996 99.9996 99.9995 99.9995 99.9995 99.9987 99.9987 99.9987 99.9987 99.9987 99.9987 99.9987 99.9987 -0.2052 -0.2856 -0.4133 -0.6190 -0.9361 -1.4309 -2.2113 -3.3967 -5.1577 -8.2893 -12.5663 -18.7249 -25.9352 -32.6325 -35.7715 -33.5777 -27.8122 -20.3473 -14.0407 -9.2323 -5.7655 -3.7813 -2.4696 -1.6024 -1.0494 -0.6920 -0.4595 -0.3155 -0.2241
100.0000 100.0000 100.0000 100.0000 100.0000 100.0000 100.0000 100.0000 100.0000 100.0000 100.0000 100.0000 99.9999 99.9999 99.9998 99.9998 99.9996 99.9996 99.9995 99.9995 99.9995 99.9987 99.9987 99.9987 99.9987 99.9986 99.9986 99.9986 99.9986 -0.2541 -0.3397 -0.4756 -0.6942 -1.0319 -1.5593 -2.3906 -3.6545 -5.5323 -8.8503 -13.3983 -19.8252 -27.3155 -34.3198 -37.5778 -35.3112 -29.3421 -21.5450 -14.9780 -9.8924 -6.1998 -4.0756 -2.6729 -1.7468 -1.1554 -0.7739 -0.5261 -0.3722 -0.2746
100.0000 100.0000 100.0000 100.0000 100.0000 100.0000 100.0000 100.0000 100.0000 100.0000 100.0000 100.0000 99.9999 99.9999 99.9998 99.9998 99.9996 99.9996 99.9995 99.9995 99.9995 99.9987 99.9987 99.9987 99.9987 99.9986 99.9986 99.9986 99.9986 -0.2610 -0.3467 -0.4825 -0.7010 -1.0385 -1.5658 -2.3972 -3.6608 -5.5383 -8.8590 -13.4080 -19.8394 -27.3329 -34.3394 -37.5977 -35.3313 -29.3615 -21.5608 -14.9896 -9.9010 -6.2057 -4.0818 -2.6795 -1.7534 -1.1620 -0.7806 -0.5330 -0.3791 -0.2815
100.0000 100.0000 100.0000 100.0000 100.0000 100.0000 100.0000 100.0000 100.0000 100.0000 100.0000 100.0000 99.9999 99.9999 99.9998 99.9998 99.9996 99.9996 99.9995 99.9995 99.9995 99.9987 99.9987 99.9987 99.9987 99.9987 99.9987 99.9987 99.9987 -0.2196 -0.3003 -0.4278 -0.6333 -0.9503 -1.4450 -2.2257 -3.4107 -5.1712 -8.3080 -12.5864 -18.7538 -25.9713 -32.6712 -35.8139 -33.6211 -27.8491 -20.3791 -14.0638 -9.2503 -5.7784 -3.7951 -2.4839 -1.6165 -1.0635 -0.7063 -0.4741 -0.3299 -0.2384
100.0000 100.0000 100.0000 100.0000 100.0000 100.0000 100.0000 100.0000 100.0000 100.0000 100.0000 100.0000 99.9999 99.9999 99.9998 99.9998 99.9997 99.9996 99.9996 99.9995 99.9995 99.9988 99.9988 99.9988 99.9988 99.9988 99.9988 99.9988 99.9988 -0.0817 -0.1474 -0.2513 -0.4188 -0.6759 -1.0747 -1.7062 -2.6607 -4.0764 -6.6733 -10.1738 -15.5825 -21.9686 -27.9930 -30.8809 -28.9036 -23.3890 -16.8377 -11.3108 -7.3095 -4.5004 -2.9259 -1.8849 -1.1945 -0.7558 -0.4708 -0.2841 -0.1687 -0.0952
100.0000 100.0000 100.0000 100.0000 100.0000 100.0000 100.0000 100.0000 100.0000 100.0000 100.0000 100.0000 99.9999 99.9999 99.9998 99.9998 99.9997 99.9996 99.9996 99.9995 99.9995 99.9989 99.9989 99.9989 99.9989 99.9989 99.9989 99.9989 99.9989 -0.0267 -0.0770 -0.1568 -0.2861 -0.4837 -0.7920 -1.2830 -2.0289 -3.1442 -5.0424 -7.6578 -11.4764 -15.9748 -20.1287 -22.0116 -20.4912 -16.7316 -12.1080 -8.3044 -5.4516 -3.4384 -2.2050 -1.4008 -0.8707 -0.5368 -0.3209 -0.1787 -0.0912 -0.0358
100.0000 100.0000 100.0000 100.0000 100.0000 100.0000 100.0000 100.0000 100.0000 100.0000 100.0000 100.0000 99.9999 99.9999 99.9998 99.9998 99.9997 99.9996 99.9996 99.9995 99.9995 99.9989 99.9989 99.9989 99.9989 99.9989 99.9989 99.9989 99.9989 -0.0313 -0.0813 -0.1602 -0.2889 -0.4854 -0.7951 -1.2838 -2.0281 -3.1420 -5.0622 -7.6948 -11.5786 -16.1427 -20.4772 -22.4869 -21.0304 -17.1082 -12.4088 -8.4616 -5.5352 -3.4700 -2.2299 -1.4186 -0.8846 -0.5450 -0.3277 -0.1847 -0.0972 -0.0414
100.0000 100.0000 100.0000 100.0000 100.0000 100.0000 100.0000 100.0000 100.0000 100.0000 100.0000 100.0000 99.9999 99.9999 99.9998 99.9998 99.9997 99.9996 99.9996 99.9995 99.9995 99.9988 99.9988 99.9988 99.9988 99.9988 99.9988 99.9988 99.9988 -0.1022 -0.1672 -0.2698 -0.4358 -0.6907 -1.0895 -1.7162 -2.6668 -4.0791 -6.6727 -10.1735 -15.5511 -21.9711 -27.9444 -30.9200 -29.0266 -23.4838 -16.9695 -11.3946 -7.3685 -4.5345 -2.9540 -1.9093 -1.2181 -0.7758 -0.4910 -0.3048 -0.1898 -0.1165
100.0000 100.0000 100.0000 100.0000 100.0000 100.0000 100.0000 100.0000 100.0000 100.0000 100.0000 100.0000 99.9999 99.9999 99.9998 99.9998 99.9997 99.9996 99.9995 99.9995 99.9995 99.9988 99.9987 99.9987 99.9987 99.9987 99.9987 99.9987 99.9987 -0.1806 -0.2580 -0.3806 -0.5775 -0.8814 -1.3560 -2.1004 -3.2297 -4.9054 -7.9943 -12.1465 -18.4130 -25.8077 -32.7849 -36.2087 -34.0604 -27.7664 -20.1873 -13.6814 -8.8957 -5.4876 -3.6012 -2.3503 -1.5219 -0.9906 -0.6482 -0.4254 -0.2869 -0.1988
100.0000 100.0000 100.0000 100.0000 100.0000 100.0000 100.0000 100.0000 100.0000 100.0000 100.0000 100.0000 99.9999 99.9999 99.9998 99.9998 99.9996 99.9996 99.9995 99.9995 99.9995 99.9987 99.9987 99.9987 99.9987 99.9987 99.9987 99.9987 99.9987 -0.2268 -0.3101 -0.4419 -0.6530 -0.9793 -1.4895 -2.2887 -3.5022 -5.3018 -8.6048 -13.0496 -19.6360 -27.4224 -34.7280 -38.3513 -36.1332 -29.5266 -21.5584 -14.7086 -9.6064 -5.9470 -3.9124 -2.5644 -1.6727 -1.0997 -0.7309 -0.4912 -0.3418 -0.2469
100.0000 100.0000 100.0000 100.0000 100.0000 100.0000 100.0000 100.0000 100.0000 100.0000 100.0000 100.0000 99.9999 99.9999 99.9998 99.9998 99.9996 99.9996 99.9995 99.9995 99.9995 99.9987 99.9987 99.9987 99.9987 99.9987 99.9987 99.9987 99.9987 -0.2309 -0.3143 -0.4461 -0.6571 -0.9834 -1.4935 -2.2929 -3.5063 -5.3057 -8.6099 -13.0545 -19.6423 -27.4290 -34.7344 -38.3558 -36.1376 -29.5336 -21.5650 -14.7140 -9.6110 -5.9506 -3.9164 -2.5686 -1.6767 -1.1038 -0.7350 -0.4954 -0.3459 -0.2510
100.0000 100.0000 100.0000 100.0000 100.0000 100.0000 100.0000 100.0000 100.0000 100.0000 100.0000 100.0000 99.9999 99.9999 99.9998 99.9998 99.9997 99.9996 99.9995 99.9995 99.9995 99.9988 99.9987 99.9987 99.9987 99.9987 99.9987 99.9987 99.9987 -0.1873 -0.2651 -0.3879 -0.5847 -0.8888 -1.3634 -2.1080 -3.2374 -4.9132 -8.0027 -12.1531 -18.4198 -25.8142 -32.7892 -36.2129 -34.0657 -27.7686 -20.1939 -13.6876 -8.9027 -5.4946 -3.6090 -2.3580 -1.5293 -0.9980 -0.6554 -0.4327 -0.2938 -0.2056
100.0000 100.0000 100.0000 100.0000 100.0000 100.0000 100.0000 100.0000 100.0000 100.0000 100.0000 100.0000 99.9999 99.9999 99.9998 99.9998 99.9997 99.9996 99.9996 99.9995 99.9995 99.9988 99.9988 99.9988 99.9988 99.9988 99.9988 99.9988 99.9988 -0.1024 -0.1678 -0.2711 -0.4373 -0.6931 -1.0922 -1.7195 -2.6711 -4.0847 -6.6738 -10.1695 -15.5391 -21.9523 -27.9148 -30.8899 -28.9982 -23.4523 -16.9542 -11.3862 -7.3672 -4.5390 -2.9586 -1.9130 -1.2210 -0.7784 -0.4926 -0.3061 -0.1903 -0.1166
100.0000 100.0000 100.0000 100.0000 100.0000 100.0000 100.0000 100.0000 100.0000 100.0000 100.0000 100.0000 99.9999 99.9999 99.9998 99.9998 99.9997 99.9996 99.9996 99.9995 99.9995 99.9989 99.9989 99.9989 99.9989 99.9989 99.9989 99.9989 99.9989 -0.0445 -0.0949 -0.1748 -0.3036 -0.5013 -0.8113 -1.3005 -2.0460 -3.1615 -5.0810 -7.7113 -11.5942 -16.1586 -20.4883 -22.5000 -21.0448 -17.1167 -12.4248 -8.4770 -5.5522 -3.4883 -2.2484 -1.4359 -0.9009 -0.5610 -0.3426 -0.1993 -0.1107 -0.0546
100.0000 100.0000 100.0000 100.0000 100.0000 100.0000 100.0000 100.0000 100.0000 100.0000 100.0000 100.0000 99.9999 99.9999 99.9998 99.9998 99.9997 99.9996 99.9996 99.9996 99.9995 99.9990 99.9989 99.9989 99.9989 99.9989 99.9989 99.9989 99.9989 -0.0399 -0.0888 -0.1659 -0.2904 -0.4821 -0.7847 -1.2578 -1.9808 -3.0630 -4.9563 -7.5449 -11.4150 -16.0696 -20.3958 -22.6515 -21.2978 -17.1823 -12.4861 -8.4392 -5.4943 -3.4219 -2.2077 -1.4095 -0.8844 -0.5476 -0.3330 -0.1928 -0.1062 -0.0509
100.0000 100.0000 100.0000 100.0000 100.0000 100.0000 100.0000 100.0000 100.0000 100.0000 100.0000 100.0000 99.9999 99.9999 99.9998 99.9998 99.9997 99.9996 99.9996 99.9995 99.9995 99.9989 99.9988 99.9988 99.9988 99.9988 99.9988 99.9988 99.9988 -0.0993 -0.1615 -0.2594 -0.4166 -0.6597 -1.0414 -1.6363 -2.5414 -3.8870 -6.3832 -9.7451 -14.9836 -21.2310 -27.2152 -30.1996 -28.4607 -22.8727 -16.5410 -11.0296 -7.1056 -4.3536 -2.8386 -1.8358 -1.1737 -0.7463 -0.4729 -0.2950 -0.1844 -0.1138
100.0000 100.0000 100.0000 100.0000 100.0000 100.0000 100.0000 100.0000 100.0000 100.0000 100.0000 100.0000 99.9999 99.9999 99.9998 99.9998 99.9997 99.9996 99.9996 99.9995 99.9995 99.9988 99.9988 99.9988 99.9988 99.9988 99.9988 99.9988 99.9988 -0.1562 -0.2288 -0.3433 -0.5260 -0.8091 -1.2528 -1.9433 -2.9924 -4.5496 -7.4998 -11.4244 -17.5579 -24.9112 -31.8383 -35.5131 -33.5026 -26.8933 -19.4766 -12.9940 -8.3687 -5.1105 -3.3529 -2.1858 -1.4131 -0.9139 -0.5939 -0.3864 -0.2565 -0.1737
100.0000 100.0000 100.0000 100.0000 100.0000 100.0000 100.0000 100.0000 100.0000 100.0000 100.0000 100.0000 99.9999 99.9999 99.9998 99.9998 99.9997 99.9996 99.9995 99.9995 99.9995 99.9988 99.9987 99.9987 99.9987 99.9987 99.9987 99.9987 99.9987 -0.1913 -0.2693 -0.3924 -0.5882 -0.8919 -1.3683 -2.1079 -3.2319 -4.8987 -8.0772 -12.2799 -18.8153 -26.6381 -34.0510 -37.8303 -35.7156 -28.8103 -20.9028 -13.9854 -9.0224 -5.5127 -3.6252 -2.3723 -1.5435 -1.0063 -0.6624 -0.4395 -0.2995 -0.2104
100.0000 100.0000 100.0000 100.0000 100.0000 100.0000 100.0000 100.0000 100.0000 100.0000 100.0000 100.0000 99.9999 99.9999 99.9998 99.9998 99.9997 99.9996 99.9995 99.9995 99.9995 99.9988 99.9987 99.9987 99.9987 99.9987 99.9987 99.9987 99.9987 -0.1934 -0.2715 -0.3946 -0.5905 -0.8942 -1.3705 -2.1102 -3.2342 -4.9009 -8.0789 -12.2805 -18.8141 -26.6342 -34.0474 -37.8277 -35.7137 -28.8058 -20.9005 -13.9854 -9.0236 -5.5146 -3.6275 -2.3746 -1.5458 -1.0085 -0.6647 -0.4417 -0.3016 -0.2125
100.0000 100.0000 100.0000 100.0000 100.0000 100.0000 100.0000 100.0000 100.0000 100.0000 100.0000 100.0000 99.9999 99.9999 99.9998 99.9998 99.9997 99.9996 99.9996 99.9995 99.9995 99.9988 99.9988 99.9988 99.9988 99.9988 99.9988 99.9988 99.9988 -0.1605 -0.2333 -0.3481 -0.5308 -0.8140 -1.2578 -1.9485 -2.9977 -4.5550 -7.5029 -11.4234 -17.5510 -24.8985 -31.8201 -35.4939 -33.4852 -26.8745 -19.4672 -12.9908 -8.3701 -5.1151 -3.3582 -2.1910 -1.4181 -0.9188 -0.5987 -0.3912 -0.2609 -0.1781
100.0000 100.0000 100.0000 100.0000 100.0000 100.0000 100.0000 100.0000 100.0000 100.0000 100.0000 100.0000 99.9999 99.9999 99.9998 99.9998 99.9997 99.9996 99.9996 99.9995 99.9995 99.9989 99.9988 99.9988 99.9988 99.9988 99.9988 99.9988 99.9988 -0.1048 -0.1673 -0.2658 -0.4231 -0.6665 -1.0486 -1.6438 -2.5495 -3.8957 -6.3866 -9.7425 -14.9705 -21.2085 -27.1801 -30.1632 -28.4268 -22.8396 -16.5254 -11.0229 -7.1071 -4.3612 -2.8470 -1.8437 -1.1810 -0.7532 -0.4794 -0.3015 -0.1902 -0.1193
100.0000 100.0000 100.0000 100.0000 100.0000 100.0000 100.0000 100.0000 100.0000 100.0000 100.0000 100.0000 99.9999 99.9999 99.9998 99.9998 99.9997 99.9996 99.9996 99.9996 99.9995 99.9990 99.9989 99.9989 99.9989 99.9989 99.9989 99.9989 99.9989 -0.0573 -0.1065 -0.1844 -0.3089 -0.5012 -0.8043 -1.2776 -2.0012 -3.0841 -4.9744 -7.5583 -11.4216 -16.0705 -20.3854 -22.6386 -21.2871 -17.1758 -12.4928 -8.4504 -5.5108 -3.4419 -2.2285 -1.4297 -0.9042 -0.5668 -0.3517 -0.2114 -0.1238 -0.0683
100.0000 100.0000 100.0000 100.0000 100.0000 100.0000 100.0000 100.0000 100.0000 100.0000 100.0000 100.0000 99.9999 99.9999 99.9998 99.9998 99.9997 99.9996 99.9996 99.9996 99.9995 99.9990 99.9990 99.9990 99.9990 99.9990 99.9990 99.9990 99.9990 -0.0469 -0.0933 -0.1663 -0.2827 -0.4640 -0.7500 -1.1948 -1.8752 -2.8941 -4.7060 -7.1724 -10.9341 -15.4384 -19.7937 -22.1269 -20.9314 -16.7254 -12.1797 -8.1527 -5.2819 -3.2695 -2.1171 -1.3564 -0.8554 -0.5324 -0.3273 -0.1945 -0.1113 -0.0583
100.0000 100.0000 100.0000 100.0000 100.0000 100.0000 100.0000 100.0000 100.0000 100.0000 100.0000 100.0000 99.9999 99.9999 99.9998 99.9998 99.9997 99.9996 99.9996 99.9995 99.9995 99.9989 99.9989 99.9989 99.9989 99.9989 99.9989 99.9989 99.9989 -0.0917 -0.1493 -0.2398 -0.3837 -0.6084 -0.9611 -1.5091 -2.3435 -3.5857 -5.9049 -9.0409 -13.9809 -20.0127 -25.6124 -28.5942 -27.0266 -21.6437 -15.6438 -10.3508 -6.6385 -4.0479 -2.6427 -1.7096 -1.0929 -0.6938 -0.4393 -0.2751 -0.1718 -0.1060
100.0000 100.0000 100.0000 100.0000 100.0000 100.0000 100.0000 100.0000 100.0000 100.0000 100.0000 100.0000 99.9999 99.9999 99.9998 99.9998 99.9997 99.9996 99.9996 99.9995 99.9995 99.9988 99.9988 99.9988 99.9988 99.9988 99.9988 99.9988 99.9988 -0.1322 -0.1984 -0.3026 -0.4673 -0.7246 -1.1284 -1.7546 -2.7063 -4.1203 -6.8455 -10.4519 -16.2404 -23.2313 -29.9254 -33.4805 -31.6889 -25.2175 -18.2241 -12.0097 -7.6790 -4.6552 -3.0536 -1.9877 -1.2817 -0.8239 -0.5319 -0.3436 -0.2246 -0.1488
100.0000 100.0000 100.0000 100.0000 100.0000 100.0000 100.0000 100.0000 100.0000 100.0000 100.0000 100.0000 99.9999 99.9999 99.9998 99.9998 99.9997 99.9996 99.9996 99.9995 99.9995 99.9988 99.9988 99.9988 99.9988 99.9988 99.9988 99.9988 99.9988 -0.1569 -0.2276 -0.3392 -0.5151 -0.7897 -1.2213 -1.8883 -2.9026 -4.4058 -7.3448 -11.1952 -17.3817 -24.8685 -32.0369 -35.9234 -33.9904 -27.0349 -19.5274 -12.8805 -8.2333 -4.9838 -3.2742 -2.1378 -1.3865 -0.8966 -0.5846 -0.3833 -0.2559 -0.1748
100.0000 100.0000 100.0000 100.0000 100.0000 100.0000 100.0000 100.0000 100.0000 100.0000 100.0000 100.0000 99.9999 99.9999 99.9998 99.9998 99.9997 99.9996 99.9996 99.9995 99.9995 99.9988 99.9988 99.9988 99.9988 99.9988 99.9988 99.9988 99.9988 -0.1580 -0.2288 -0.3404 -0.5164 -0.7909 -1.2225 -1.8897 -2.9039 -4.4070 -7.3447 -11.1930 -17.3757 -24.8591 -32.0260 -35.9130 -33.9813 -27.0233 -19.5196 -12.8771 -8.2324 -4.9848 -3.2755 -2.1391 -1.3877 -0.8979 -0.5859 -0.3846 -0.2570 -0.1759
100.0000 100.0000 100.0000 100.0000 100.0000 100.0000 100.0000 100.0000 100.0000 100.0000 100.0000 100.0000 99.9999 99.9999 99.9998 99.9998 99.9997 99.9996 99.9996 99.9995 99.9995 99.9988 99.9988 99.9988 99.9988 99.9988 99.9988 99.9988 99.9988 -0.1351 -0.2014 -0.3058 -0.4706 -0.7279 -1.1317 -1.7582 -2.7099 -4.1239 -6.8441 -10.4451 -16.2228 -23.2041 -29.8878 -33.4400 -31.6506 -25.1825 -18.2029 -11.9992 -7.6762 -4.6581 -3.0573 -1.9914 -1.2851 -0.8272 -0.5352 -0.3469 -0.2276 -0.1517
100.0000 100.0000 100.0000 100.0000 100.0000 100.0000 100.0000 100.0000 100.0000 100.0000 100.0000 100.0000 99.9999 99.9999 99.9998 99.9998 99.9997 99.9996 99.9996 99.9995 99.9995 99.9989 99.9989 99.9989 99.9989 99.9989 99.9989 99.9989 99.9989 -0.0971 -0.1549 -0.2459 -0.3898 -0.6145 -0.9675 -1.5160 -2.3506 -3.5930 -5.9040 -9.0323 -13.9554 -19.9710 -25.5542 -28.5307 -26.9659 -21.5923 -15.6139 -10.3366 -6.6360 -4.0543 -2.6500 -1.7166 -1.0994 -0.7000 -0.4455 -0.2812 -0.1774 -0.1114
100.0000 100.0000 100.0000 100.0000 100.0000 100.0000 100.0000 100.0000 100.0000 100.0000 100.0000 100.0000 99.9999 99.9999 99.9998 99.9998 99.9997 99.9996 99.9996 99.9996 99.9995 99.9990 99.9990 99.9990 99.9990 99.9990 99.9990 99.9990 99.9990 -0.0603 -0.1069 -0.1806 -0.2970 -0.4785 -0.7652 -1.2103 -1.8911 -2.9105 -4.7139 -7.1722 -10.9159 -15.4024 -19.7402 -22.0673 -20.8747 -16.6817 -12.1576 -8.1472 -5.2883 -3.2848 -2.1335 -1.3722 -0.8708 -0.5470 -0.3416 -0.2089 -0.1249 -0.0717
100.0000 100.0000 100.0000 100.0000 100.0000 100.0000 100.0000 100.0000 100.0000 100.0000 100.0000 100.0000 99.9999 99.9999 99.9998 99.9998 99.9997 99.9996 99.9996 99.9996 99.9996 99.9990 99.9990 99.9990 99.9990 99.9990 99.9990 99.9990 99.9990 -0.0499 -0.0927 -0.1603 -0.2662 -0.4336 -0.6969 -1.1047 -1.7293 -2.6658 -4.3440 -6.6353 -10.1499 -14.4141 -18.5447 -20.7042 -19.6499 -15.7921 -11.4613 -7.6520 -4.9393 -3.0446 -1.9777 -1.2704 -0.8040 -0.5023 -0.3109 -0.1888 -0.1107 -0.0614
100.0000 100.0000 100.0000 100.0000 100.0000 100.0000 100.0000 100.0000 100.0000 100.0000 100.0000 100.0000 99.9999 99.9999 99.9998 99.9998 99.9997 99.9996 99.9996 99.9996 99.9995 99.9990 99.9990 99.9990 99.9990 99.9990 99.9989 99.9989 99.9989 -0.0818 -0.1339 -0.2157 -0.3440 -0.5471 -0.8653 -1.3591 -2.1106 -3.2305 -5.3306 -8.1767 -12.7204 -18.2428 -23.4416 -26.3287 -24.9589 -19.9042 -14.4345 -9.4682 -6.0519 -3.6786 -2.4046 -1.5556 -0.9936 -0.6294 -0.3977 -0.2498 -0.1554 -0.0956
100.0000 100.0000 100.0000 100.0000 100.0000 100.0000 100.0000 100.0000 100.0000 100.0000 100.0000 100.0000 99.9999 99.9999 99.9998 99.9998 99.9997 99.9996 99.9996 99.9995 99.9995 99.9989 99.9989 99.9989 99.9989 99.9989 99.9989 99.9989 99.9989 -0.1098 -0.1689 -0.2618 -0.4070 -0.6362 -0.9958 -1.5529 -2.3993 -3.6586 -6.0943 -9.3350 -14.6033 -21.0414 -27.1248 -30.4673 -28.8874 -22.9535 -16.5857 -10.8351 -6.8956 -4.1628 -2.7310 -1.7750 -1.1408 -0.7293 -0.4676 -0.3003 -0.1933 -0.1254
100.0000 100.0000 100.0000 100.0000 100.0000 100.0000 100.0000 100.0000 100.0000 100.0000 100.0000 100.0000 99.9999 99.9999 99.9998 99.9998 99.9997 99.9996 99.9996 99.9995 99.9995 99.9989 99.9989 99.9989 99.9989 99.9989 99.9989 99.9989 99.9989 -0.1266 -0.1894 -0.2882 -0.4426 -0.6858 -1.0677 -1.6589 -2.5560 -3.8863 -6.5133 -9.9504 -15.5745 -22.4458 -29.1117 -32.8243 -31.1441 -24.5401 -17.6899 -11.5605 -7.3471 -4.4243 -2.9053 -1.8927 -1.2219 -0.7848 -0.5070 -0.3292 -0.2154 -0.1432
100.0000 100.0000 100.0000 100.0000 100.0000 100.0000 100.0000 100.0000 100.0000 100.0000 100.0000 100.0000 99.9999 99.9999 99.9998 99.9998 99.9997 99.9996 99.9996 99.9995 99.9995 99.9989 99.9989 99.9989 99.9989 99.9989 99.9989 99.9989 99.9989 -0.1271 -0.1900 -0.2889 -0.4432 -0.6864 -1.0683 -1.6595 -2.5566 -3.8869 -6.5113 -9.9464 -15.5656 -22.4328 -29.0937 -32.8046 -31.1254 -24.5237 -17.6793 -11.5548 -7.3448 -4.4247 -2.9060 -1.8933 -1.2225 -0.7854 -0.5077 -0.3299 -0.2160 -0.1437
100.0000 100.0000 100.0000 100.0000 100.0000 100.0000 100.0000 100.0000 100.0000 100.0000 100.0000 100.0000 99.9999 99.9999 99.9998 99.9998 99.9997 99.9996 99.9996 99.9995 99.9995 99.9989 99.9989 99.9989 99.9989 99.9989 99.9989 99.9989 99.9989 -0.1114 -0.1706 -0.2636 -0.4090 -0.6379 -0.9976 -1.5551 -2.4014 -3.6605 -6.0893 -9.3234 -14.5771 -21.0017 -27.0713 -30.4088 -28.8311 -22.9055 -16.5552 -10.8186 -6.8893 -4.1641 -2.7330 -1.7770 -1.1426 -0.7311 -0.4696 -0.3022 -0.1950 -0.1270
100.0000 100.0000 100.0000 100.0000 100.0000 100.0000 100.0000 100.0000 100.0000 100.0000 100.0000 100.0000 99.9999 99.9999 99.9998 99.9998 99.9997 99.9996 99.9996 99.9996 99.9995 99.9990 99.9990 99.9990 99.9990 99.9990 99.9989 99.9989 99.9989 -0.0850 -0.1372 -0.2194 -0.3478 -0.5506 -0.8693 -1.3634 -2.1151 -3.2350 -5.3238 -8.1602 -12.6803 -18.1799 -23.3590 -26.2384 -24.8719 -19.8317 -14.3871 -9.4444 -6.0436 -3.6822 -2.4093 -1.5601 -0.9977 -0.6331 -0.4015 -0.2535 -0.1588 -0.0988
100.0000 100.0000 100.0000 100.0000 100.0000 100.0000 100.0000 100.0000 100.0000 100.0000 100.0000 100.0000 99.9999 99.9999 99.9998 99.9998 99.9997 99.9996 99.9996 99.9996 99.9996 99.9990 99.9990 99.9990 99.9990 99.9990 99.9990 99.9990 99.9990 -0.0572 -0.1002 -0.1683 -0.2742 -0.4416 -0.7056 -1.1140 -1.7388 -2.6756 -4.3398 -6.6199 -10.1055 -14.3413 -18.4494 -20.5996 -19.5491 -15.7097 -11.4079 -7.6280 -4.9337 -3.0534 -1.9876 -1.2799 -0.8129 -0.5104 -0.3190 -0.1968 -0.1181 -0.0687
100.0000 100.0000 100.0000 100.0000 100.0000 100.0000 100.0000 100.0000 100.0000 100.0000 100.0000 100.0000 99.9999 99.9999 99.9998 99.9998 99.9997 99.9996 99.9996 99.9996 99.9996 99.9991 99.9991 99.9991 99.9991 99.9991 99.9991 99.9990 99.9990 -0.0488 -0.0873 -0.1487 -0.2427 -0.3946 -0.6323 -0.9976 -1.5592 -2.4042 -3.9187 -5.9951 -9.1776 -13.0993 -16.8389 -18.8482 -17.9252 -14.4900 -10.5033 -7.0049 -4.5131 -2.7774 -1.8079 -1.1631 -0.7381 -0.4618 -0.2864 -0.1766 -0.1048 -0.0600
100.0000 100.0000 100.0000 100.0000 100.0000 100.0000 100.0000 100.0000 100.0000 100.0000 100.0000 100.0000 99.9999 99.9999 99.9998 99.9998 99.9997 99.9996 99.9996 99.9996 99.9996 99.9990 99.9990 99.9990 99.9990 99.9990 99.9990 99.9990 99.9990 -0.0710 -0.1169 -0.1897 -0.3019 -0.4825 -0.7647 -1.2003 -1.8648 -2.8590 -4.7102 -7.2417 -11.2760 -16.1654 -20.9384 -23.5987 -22.4378 -17.8532 -12.9359 -8.4781 -5.4105 -3.2860 -2.1508 -1.3909 -0.8876 -0.5608 -0.3527 -0.2221 -0.1373 -0.0840
100.0000 100.0000 100.0000 100.0000 100.0000 100.0000 100.0000 100.0000 100.0000 100.0000 100.0000 100.0000 99.9999 99.9999 99.9998 99.9998 99.9997 99.9996 99.9996 99.9996 99.9995 99.9990 99.9990 99.9990 99.9990 99.9990 99.9990 99.9990 99.9990 -0.0900 -0.1416 -0.2232 -0.3489 -0.5500 -0.8656 -1.3531 -2.0937 -3.1977 -5.3256 -8.1739 -12.8219 -18.5054 -23.9895 -27.1172 -25.7786 -20.3653 -14.7286 -9.5816 -6.0847 -3.6690 -2.4077 -1.5626 -1.0015 -0.6366 -0.4052 -0.2590 -0.1642 -0.1045
100.0000 100.0000 100.0000 100.0000 100.0000 100.0000 100.0000 100.0000 100.0000 100.0000 100.0000 100.0000 99.9999 99.9999 99.9998 99.9998 99.9997 99.9996 99.9996 99.9996 99.9995 99.9990 99.9990 99.9990 99.9990 99.9989 99.9989 99.9989 99.9989 -0.1013 -0.1559 -0.2422 -0.3752 -0.5870 -0.9202 -1.4366 -2.2182 -3.3772 -5.6607 -8.6690 -13.6214 -19.7499 -25.6513 -29.0009 -27.5833 -21.6944 -15.6475 -10.1677 -6.4444 -3.8747 -2.5444 -1.6542 -1.0633 -0.6782 -0.4345 -0.2800 -0.1797 -0.1165
100.0000 100.0000 100.0000 100.0000 100.0000 100.0000 100.0000 100.0000 100.0000 100.0000 100.0000 100.0000 99.9999 99.9999 99.9998 99.9998 99.9997 99.9996 99.9996 99.9996 99.9995 99.9990 99.9990 99.9990 99.9990 99.9989 99.9989 99.9989 99.9989 -0.1014 -0.1562 -0.2425 -0.3755 -0.5873 -0.9204 -1.4371 -2.2186 -3.3773 -5.6581 -8.6639 -13.6107 -19.7339 -25.6298 -28.9772 -27.5603 -21.6752 -15.6350 -10.1606 -6.4413 -3.8746 -2.5445 -1.6544 -1.0635 -0.6785 -0.4348 -0.2802 -0.1800 -0.1167
100.0000 100.0000 100.0000 100.0000 100.0000 100.0000 100.0000 100.0000 100.0000 100.0000 100.0000 100.0000 99.9999 99.9999 99.9998 99.9998 99.9997 99.9996 99.9996 99.9996 99.9995 99.9990 99.9990 99.9990 99.9990 99.9990 99.9990 99.9990 99.9990 -0.0907 -0.1424 -0.2239 -0.3499 -0.5507 -0.8664 -1.3540 -2.0946 -3.1984 -5.3176 -8.1591 -12.7901 -18.4570 -23.9266 -27.0491 -25.7129 -20.3091 -14.6911 -9.5612 -6.0758 -3.6691 -2.4086 -1.5635 -1.0024 -0.6374 -0.4062 -0.2598 -0.1650 -0.1051
100.0000 100.0000 100.0000 100.0000 100.0000 100.0000 100.0000 100.0000 100.0000 100.0000 100.0000 100.0000 99.9999 99.9999 99.9998 99.9998 99.9997 99.9996 99.9996 99.9996 99.9996 99.9990 99.9990 99.9990 99.9990 99.9990 99.9990 99.9990 99.9990 -0.0722 -0.1183 -0.1913 -0.3036 -0.4840 -0.7663 -1.2024 -1.8668 -2.8609 -4.6984 -7.2194 -11.2257 -16.0884 -20.8404 -23.4925 -22.3350 -17.7655 -12.8758 -8.4469 -5.3974 -3.2870 -2.1530 -1.3931 -0.8894 -0.5624 -0.3545 -0.2237 -0.1387 -0.0852
100.0000 100.0000 100.0000 100.0000 100.0000 100.0000 100.0000 100.0000 100.0000 100.0000 100.0000 100.0000 99.9999 99.9999 99.9998 99.9998 99.9997 99.9996 99.9996 99.9996 99.9996 99.9991 99.9991 99.9991 99.9991 99.9991 99.9991 99.9990 99.9990 -0.0515 -0.0902 -0.1518 -0.2460 -0.3978 -0.6361 -1.0019 -1.5637 -2.4087 -3.9061 -5.9687 -9.1151 -13.0024 -16.7152 -18.7133 -17.7946 -14.3804 -10.4281 -6.9672 -4.4984 -2.7809 -1.8127 -1.1676 -0.7421 -0.4652 -0.2897 -0.1798 -0.1076 -0.0627
100.0000 100.0000 100.0000 100.0000 100.0000 100.0000 100.0000 100.0000 100.0000 100.0000 100.0000 100.0000 99.9999 99.9999 99.9998 99.9998 99.9997 99.9996 99.9996 99.9996 99.9996 99.9991 99.9991 99.9991 99.9991 99.9991 99.9991 99.9991 99.9991 -0.0443 -0.0780 -0.1330 -0.2150 -0.3503 -0.5623 -0.8828 -1.3788 -2.1276 -3.4574 -5.3052 -8.1243 -11.5713 -14.9233 -16.7680 -15.9904 -12.9574 -9.4170 -6.2757 -4.0438 -2.4913 -1.6220 -1.0439 -0.6650 -0.4150 -0.2568 -0.1598 -0.0948 -0.0550
100.0000 100.0000 100.0000 100.0000 100.0000 100.0000 100.0000 100.0000 100.0000 100.0000 100.0000 100.0000 99.9999 99.9999 99.9998 99.9998 99.9997 99.9996 99.9996 99.9996 99.9996 99.9991 99.9991 99.9991 99.9991 99.9991 99.9991 99.9991 99.9991 -0.0596 -0.0994 -0.1633 -0.2598 -0.4179 -0.6660 -1.0428 -1.6212 -2.4901 -4.0929 -6.3006 -9.7842 -14.0596 -18.2420 -20.5802 -19.6221 -15.6741 -11.3457 -7.4561 -4.7600 -2.8960 -1.8952 -1.2248 -0.7824 -0.4915 -0.3074 -0.1937 -0.1183 -0.0718
100.0000 100.0000 100.0000 100.0000 100.0000 100.0000 100.0000 100.0000 100.0000 100.0000 100.0000 100.0000 99.9999 99.9999 99.9998 99.9998 99.9997 99.9996 99.9996 99.9996 99.9996 99.9990 99.9990 99.9990 99.9990 99.9990 99.9990 99.9990 99.9990 -0.0727 -0.1169 -0.1878 -0.2951 -0.4689 -0.7437 -1.1620 -1.8007 -2.7579 -4.5744 -7.0403 -11.0324 -15.9468 -20.7112 -23.4254 -22.3335 -17.6973 -12.8111 -8.3346 -5.2935 -3.1973 -2.0978 -1.3594 -0.8704 -0.5490 -0.3469 -0.2209 -0.1376 -0.0860
100.0000 100.0000 100.0000 100.0000 100.0000 100.0000 100.0000 100.0000 100.0000 100.0000 100.0000 100.0000 99.9999 99.9999 99.9998 99.9998 99.9997 99.9996 99.9996 99.9996 99.9996 99.9990 99.9990 99.9990 99.9990 99.9990 99.9990 99.9990 99.9990 -0.0803 -0.1270 -0.2015 -0.3143 -0.4967 -0.7848 -1.2276 -1.8990 -2.8999 -4.8458 -7.4320 -11.6987 -16.9888 -22.0056 -24.8881 -23.7253 -18.7705 -13.5979 -8.7997 -5.5767 -3.3581 -2.2057 -1.4315 -0.9169 -0.5803 -0.3685 -0.2361 -0.1487 -0.0942
100.0000 100.0000 100.0000 100.0000 100.0000 100.0000 100.0000 100.0000 100.0000 100.0000 100.0000 100.0000 99.9999 99.9999 99.9998 99.9998 99.9997 99.9996 99.9996 99.9996 99.9996 99.9990 99.9990 99.9990 99.9990 99.9990 99.9990 99.9990 99.9990 -0.0804 -0.1272 -0.2016 -0.3146 -0.4967 -0.7849 -1.2277 -1.8991 -2.9000 -4.8424 -7.4266 -11.6873 -16.9716 -21.9835 -24.8644 -23.7024 -18.7505 -13.5845 -8.7923 -5.5733 -3.3578 -2.2059 -1.4318 -0.9170 -0.5804 -0.3687 -0.2362 -0.1489 -0.0943
100.0000 100.0000 100.0000 100.0000 100.0000 100.0000 100.0000 100.0000 100.0000 100.0000 100.0000 100.0000 99.9999 99.9999 99.9998 99.9998 99.9997 99.9996 99.9996 99.9996 99.9996 99.9990 99.9990 99.9990 99.9990 99.9990 99.9990 99.9990 99.9990 -0.0730 -0.1175 -0.1882 -0.2957 -0.4693 -0.7441 -1.1625 -1.8010 -2.7579 -4.5651 -7.0245 -10.9987 -15.8961 -20.6466 -23.3564 -22.2667 -17.6385 -12.7710 -8.3129 -5.2837 -3.1967 -2.0980 -1.3599 -0.8708 -0.5495 -0.3475 -0.2213 -0.1382 -0.0864
100.0000 100.0000 100.0000 100.0000 100.0000 100.0000 100.0000 100.0000 100.0000 100.0000 100.0000 100.0000 99.9999 99.9999 99.9998 99.9998 99.9997 99.9996 99.9996 99.9996 99.9996 99.9991 99.9991 99.9991 99.9991 99.9991 99.9991 99.9991 99.9991 -0.0601 -0.1002 -0.1640 -0.2606 -0.4187 -0.6669 -1.0437 -1.6220 -2.4906 -4.0791 -6.2758 -9.7304 -13.9787 -18.1398 -20.4704 -19.5160 -15.5810 -11.2813 -7.4219 -4.7448 -2.8955 -1.8960 -1.2258 -0.7834 -0.4923 -0.3082 -0.1944 -0.1191 -0.0724
100.0000 100.0000 100.0000 100.0000 100.0000 100.0000 100.0000 100.0000 100.0000 100.0000 100.0000 100.0000 99.9999 99.9999 99.9998 99.9998 99.9997 99.9996 99.9996 99.9996 99.9996 99.9991 99.9991 99.9991 99.9991 99.9991 99.9991 99.9991 99.9991 -0.0450 -0.0791 -0.1341 -0.2162 -0.3515 -0.5638 -0.8847 -1.3805 -2.1291 -3.4403 -5.2738 -8.0545 -11.4657 -14.7898 -16.6239 -15.8506 -12.8364 -9.3331 -6.2318 -4.0246 -2.4917 -1.6239 -1.0459 -0.6666 -0.4163 -0.2581 -0.1609 -0.0956 -0.0558
100.0000 100.0000 100.0000 100.0000 100.0000 100.0000 100.0000 100.0000 100.0000 100.0000 100.0000 100.0000 99.9999 99.9999 99.9998 99.9998 99.9997 99.9996 99.9996 99.9996 99.9996 99.9992 99.9992 99.9991 99.9991 99.9991 99.9991 99.9991 99.9991 -0.0371 -0.0662 -0.1146 -0.1853 -0.3039 -0.4905 -0.7684 -1.2000 -1.8517 -2.9952 -4.6082 -7.0305 -9.9721 -12.8830 -14.4646 -13.8308 -11.3266 -8.2479 -5.5179 -3.5630 -2.2034 -1.4327 -0.9218 -0.5888 -0.3655 -0.2248 -0.1400 -0.0820 -0.0473
100.0000 100.0000 100.0000 100.0000 100.0000 100.0000 100.0000 100.0000 100.0000 100.0000 100.0000 100.0000 99.9999 99.9999 99.9998 99.9998 99.9997 99.9996 99.9996 99.9996 99.9996 99.9991 99.9991 99.9991 99.9991 99.9991 99.9991 99.9991 99.9991 -0.0481 -0.0818 -0.1374 -0.2196 -0.3560 -0.5717 -0.8930 -1.3897 -2.1403 -3.5039 -5.3966 -8.3476 -11.9757 -15.4704 -17.3878 -16.6113 -13.4940 -9.7967 -6.4565 -4.1314 -2.5240 -1.6502 -1.0653 -0.6811 -0.4247 -0.2637 -0.1658 -0.0995 -0.0594
100.0000 100.0000 100.0000 100.0000 100.0000 100.0000 100.0000 100.0000 100.0000 100.0000 100.0000 100.0000 99.9999 99.9999 99.9998 99.9998 99.9997 99.9996 99.9996 99.9996 99.9996 99.9991 99.9991 99.9991 99.9991 99.9991 99.9991 99.9991 99.9991 -0.0573 -0.0946 -0.1556 -0.2461 -0.3948 -0.6327 -0.9864 -1.5309 -2.3488 -3.8713 -5.9786 -9.3342 -13.4696 -17.3885 -19.5560 -18.6753 -15.0989 -10.9639 -7.1500 -4.5511 -2.7606 -1.8078 -1.1697 -0.7502 -0.4687 -0.2936 -0.1861 -0.1135 -0.0695
100.0000 100.0000 100.0000 100.0000 100.0000 100.0000 100.0000 100.0000 100.0000 100.0000 100.0000 100.0000 99.9999 99.9999 99.9998 99.9998 99.9997 99.9996 99.9996 99.9996 99.9996 99.9991 99.9991 99.9991 99.9991 99.9991 99.9991 99.9991 99.9991 -0.0627 -0.1019 -0.1658 -0.2605 -0.4158 -0.6644 -1.0370 -1.6070 -2.4609 -4.0691 -6.2854 -9.8671 -14.2694 -18.3883 -20.6862 -19.7485 -15.9444 -11.6000 -7.5155 -4.7729 -2.8861 -1.8930 -1.2265 -0.7862 -0.4924 -0.3098 -0.1975 -0.1217 -0.0754
100.0000 100.0000 100.0000 100.0000 100.0000 100.0000 100.0000 100.0000 100.0000 100.0000 100.0000 100.0000 99.9999 99.9999 99.9998 99.9998 99.9997 99.9996 99.9996 99.9996 99.9996 99.9991 99.9991 99.9991 99.9991 99.9991 99.9991 99.9991 99.9991 -0.0630 -0.1024 -0.1661 -0.2609 -0.4161 -0.6646 -1.0372 -1.6072 -2.4609 -4.0661 -6.2803 -9.8563 -14.2533 -18.3678 -20.6648 -19.7279 -15.9254 -11.5871 -7.5085 -4.7697 -2.8859 -1.8931 -1.2267 -0.7864 -0.4928 -0.3101 -0.1977 -0.1221 -0.0757
100.0000 100.0000 100.0000 100.0000 100.0000 100.0000 100.0000 100.0000 100.0000 100.0000 100.0000 100.0000 99.9999 99.9999 99.9998 99.9998 99.9997 99.9996 99.9996 99.9996 99.9996 99.9991 99.9991 99.9991 99.9991 99.9991 99.9991 99.9991 99.9991 -0.0582 -0.0958 -0.1563 -0.2471 -0.3957 -0.6337 -0.9871 -1.5313 -2.3488 -3.8624 -5.9636 -9.3023 -13.4222 -17.3289 -19.4930 -18.6145 -15.0432 -10.9259 -7.1294 -4.5419 -2.7600 -1.8083 -1.1705 -0.7513 -0.4696 -0.2945 -0.1868 -0.1147 -0.0704
100.0000 100.0000 100.0000 100.0000 100.0000 100.0000 100.0000 100.0000 100.0000 100.0000 100.0000 100.0000 99.9999 99.9999 99.9998 99.9998 99.9997 99.9996 99.9996 99.9996 99.9996 99.9991 99.9991 99.9991 99.9991 99.9991 99.9991 99.9991 99.9991 -0.0493 -0.0834 -0.1388 -0.2209 -0.3574 -0.5732 -0.8941 -1.3903 -2.1406 -3.4905 -5.3728 -8.2965 -11.8999 -15.3746 -17.2866 -16.5136 -13.4048 -9.7356 -6.4236 -4.1167 -2.5234 -1.6510 -1.0666 -0.6826 -0.4261 -0.2650 -0.1671 -0.1009 -0.0607
100.0000 100.0000 100.0000 100.0000 100.0000 100.0000 100.0000 100.0000 100.0000 100.0000 100.0000 100.0000 99.9999 99.9999 99.9998 99.9998 99.9997 99.9996 99.9996 99.9996 99.9996 99.9992 99.9992 99.9991 99.9991 99.9991 99.9991 99.9991 99.9991 -0.0386 -0.0679 -0.1162 -0.1869 -0.3057 -0.4925 -0.7700 -1.2012 -1.8525 -2.9784 -4.5772 -6.9633 -9.8718 -12.7566 -14.3301 -13.7007 -11.2091 -8.1671 -5.4748 -3.5439 -2.2031 -1.4340 -0.9236 -0.5907 -0.3673 -0.2264 -0.1416 -0.0835 -0.0488
