100.0000 100.0000 100.0000 100.0000 100.0000 100.0000 100.0000 100.0000 100.0000 100.0000 100.0000 100.0000 100.0000 99.9999 99.9999 99.9999 99.9999 99.9999 99.9998 99.9998 99.9998 99.9998 99.9998 99.9998 99.9998 99.9998 99.9998 99.9998 99.9998 0.0201 0.0130 0.0016 -0.0166 -0.0449 -0.0890 -0.1581 -0.2661 -0.4324 -0.6830 -1.0458 -1.5372 -2.1266 -3.1610 -3.4983 -3.3073 -2.3076 -1.7103 -1.1820 -0.7804 -0.4987 -0.3096 -0.1861 -0.1069 -0.0563 -0.0239 -0.0031 0.0100 0.0183
100.0000 100.0000 100.0000 100.0000 100.0000 100.0000 100.0000 100.0000 100.0000 100.0000 100.0000 100.0000 100.0000 99.9999 99.9999 99.9999 99.9999 99.9999 99.9998 99.9998 99.9998 99.9998 99.9998 99.9998 99.9998 99.9998 99.9998 99.9998 99.9998 0.0168 0.0095 -0.0022 -0.0205 -0.0493 -0.0941 -0.1645 -0.2746 -0.4440 -0.6989 -1.0681 -1.5682 -2.1678 -3.2326 -3.5757 -3.3817 -2.3517 -1.7439 -1.2066 -0.7979 -0.5113 -0.3189 -0.1930 -0.1123 -0.0608 -0.0280 -0.0069 0.0065 0.0149
100.0000 100.0000 100.0000 100.0000 100.0000 100.0000 100.0000 100.0000 100.0000 100.0000 100.0000 100.0000 100.0000 99.9999 99.9999 99.9999 99.9999 99.9999 99.9998 99.9998 99.9998 99.9998 99.9998 99.9998 99.9998 99.9998 99.9998 99.9998 99.9998 0.0133 0.0059 -0.0060 -0.0246 -0.0535 -0.0988 -0.1703 -0.2817 -0.4530 -0.7109 -1.0844 -1.5903 -2.1967 -3.2820 -3.6299 -3.4330 -2.3826 -1.7678 -1.2244 -0.8110 -0.5210 -0.3264 -0.1991 -0.1173 -0.0651 -0.0321 -0.0108 0.0029 0.0114
100.0000 100.0000 100.0000 100.0000 100.0000 100.0000 100.0000 100.0000 100.0000 100.0000 100.0000 100.0000 100.0000 99.9999 99.9999 99.9999 99.9999 99.9999 99.9998 99.9998 99.9998 99.9998 99.9998 99.9998 99.9998 99.9998 99.9998 99.9998 99.9998 0.0096 0.0022 -0.0097 -0.0283 -0.0576 -0.1033 -0.1750 -0.2869 -0.4593 -0.7187 -1.0943 -1.6030 -2.2128 -3.3086 -3.6591 -3.4605 -2.3997 -1.7815 -1.2351 -0.8193 -0.5277 -0.3320 -0.2040 -0.1218 -0.0693 -0.0359 -0.0145 -0.0009 0.0077
100.0000 100.0000 100.0000 100.0000 100.0000 100.0000 100.0000 100.0000 100.0000 100.0000 100.0000 100.0000 100.0000 99.9999 99.9999 99.9999 99.9999 99.9999 99.9998 99.9998 99.9998 99.9998 99.9998 99.9998 99.9998 99.9998 99.9998 99.9998 99.9998 0.0061 -0.0014 -0.0133 -0.0320 -0.0614 -0.1070 -0.1786 -0.2905 -0.4628 -0.7222 -1.0977 -1.6063 -2.2157 -3.3129 -3.6632 -3.4647 -2.4025 -1.7847 -1.2384 -0.8228 -0.5313 -0.3356 -0.2076 -0.1256 -0.0732 -0.0396 -0.0181 -0.0044 0.0042
100.0000 100.0000 100.0000 100.0000 100.0000 100.0000 100.0000 100.0000 100.0000 100.0000 100.0000 100.0000 100.0000 99.9999 99.9999 99.9999 99.9999 99.9999 99.9998 99.9998 99.9998 99.9998 99.9998 99.9998 99.9998 99.9998 99.9998 99.9998 99.9998 0.0024 -0.0050 -0.0169 -0.0356 -0.0647 -0.1099 -0.1813 -0.2925 -0.4636 -0.7212 -1.0944 -1.5997 -2.2054 -3.2949 -3.6421 -3.4457 -2.3911 -1.7773 -1.2342 -0.8212 -0.5315 -0.3371 -0.2101 -0.1284 -0.0764 -0.0431 -0.0216 -0.0080 0.0005
100.0000 100.0000 100.0000 100.0000 100.0000 100.0000 100.0000 100.0000 100.0000 100.0000 100.0000 100.0000 100.0000 99.9999 99.9999 99.9999 99.9999 99.9999 99.9998 99.9998 99.9998 99.9998 99.9998 99.9998 99.9998 99.9998 99.9998 99.9998 99.9998 -0.0016 -0.0089 -0.0206 -0.0388 -0.0674 -0.1123 -0.1828 -0.2926 -0.4616 -0.7160 -1.0846 -1.5839 -2.1821 -3.2547 -3.5963 -3.4036 -2.3657 -1.7592 -1.2228 -0.8148 -0.5287 -0.3367 -0.2112 -0.1305 -0.0789 -0.0462 -0.0253 -0.0119 -0.0035
100.0000 100.0000 100.0000 100.0000 100.0000 100.0000 100.0000 100.0000 100.0000 100.0000 100.0000 100.0000 100.0000 99.9999 99.9999 99.9999 99.9999 99.9999 99.9998 99.9998 99.9998 99.9998 99.9998 99.9998 99.9998 99.9998 99.9998 99.9998 99.9998 -0.0054 -0.0126 -0.0239 -0.0418 -0.0698 -0.1138 -0.1831 -0.2910 -0.4569 -0.7067 -1.0687 -1.5591 -2.1464 -3.1917 -3.5269 -3.3375 -2.3269 -1.7314 -1.2046 -0.8038 -0.5228 -0.3343 -0.2111 -0.1317 -0.0811 -0.0491 -0.0285 -0.0155 -0.0072
100.0000 100.0000 100.0000 100.0000 100.0000 100.0000 100.0000 100.0000 100.0000 100.0000 100.0000 100.0000 100.0000 99.9999 99.9999 99.9999 99.9999 99.9999 99.9998 99.9998 99.9998 99.9998 99.9998 99.9998 99.9998 99.9998 99.9998 99.9998 99.9998 0.0193 0.0120 0.0004 -0.0180 -0.0470 -0.0921 -0.1626 -0.2725 -0.4417 -0.6966 -1.0660 -1.5663 -2.1640 -3.2259 -3.5685 -3.3765 -2.3496 -1.7441 -1.2059 -0.7966 -0.5096 -0.3170 -0.1914 -0.1105 -0.0588 -0.0255 -0.0043 0.0090 0.0174
100.0000 100.0000 100.0000 100.0000 100.0000 100.0000 100.0000 100.0000 100.0000 100.0000 100.0000 100.0000 100.0000 99.9999 99.9999 99.9999 99.9999 99.9999 99.9998 99.9998 99.9998 99.9998 99.9998 99.9998 99.9998 99.9998 99.9998 99.9998 99.9998 0.0161 0.0087 -0.0033 -0.0220 -0.0514 -0.0971 -0.1688 -0.2807 -0.4530 -0.7122 -1.0877 -1.5964 -2.2037 -3.2944 -3.6433 -3.4476 -2.3922 -1.7766 -1.2298 -0.8138 -0.5220 -0.3261 -0.1981 -0.1158 -0.0633 -0.0297 -0.0081 0.0056 0.0141
100.0000 100.0000 100.0000 100.0000 100.0000 100.0000 100.0000 100.0000 100.0000 100.0000 100.0000 100.0000 100.0000 99.9999 99.9999 99.9999 99.9999 99.9999 99.9998 99.9998 99.9998 99.9998 99.9998 99.9998 99.9998 99.9998 99.9998 99.9998 99.9998 0.0125 0.0050 -0.0071 -0.0261 -0.0557 -0.1018 -0.1744 -0.2877 -0.4618 -0.7238 -1.1034 -1.6177 -2.2316 -3.3424 -3.6954 -3.4975 -2.4220 -1.7999 -1.2470 -0.8264 -0.5314 -0.3335 -0.2040 -0.1208 -0.0676 -0.0338 -0.0120 0.0019 0.0106
100.0000 100.0000 100.0000 100.0000 100.0000 100.0000 100.0000 100.0000 100.0000 100.0000 100.0000 100.0000 100.0000 99.9999 99.9999 99.9999 99.9999 99.9999 99.9998 99.9998 99.9998 99.9998 99.9998 99.9998 99.9998 99.9998 99.9998 99.9998 99.9998 0.0088 0.0013 -0.0109 -0.0299 -0.0597 -0.1063 -0.1792 -0.2929 -0.4679 -0.7315 -1.1132 -1.6302 -2.2472 -3.3684 -3.7238 -3.5243 -2.4386 -1.8132 -1.2576 -0.8347 -0.5381 -0.3390 -0.2089 -0.1253 -0.0718 -0.0376 -0.0158 -0.0018 0.0068
100.0000 100.0000 100.0000 100.0000 100.0000 100.0000 100.0000 100.0000 100.0000 100.0000 100.0000 100.0000 100.0000 99.9999 99.9999 99.9999 99.9999 99.9999 99.9998 99.9998 99.9998 99.9998 99.9998 99.9998 99.9998 99.9998 99.9998 99.9998 99.9998 0.0051 -0.0024 -0.0145 -0.0336 -0.0636 -0.1101 -0.1829 -0.2965 -0.4716 -0.7351 -1.1167 -1.6334 -2.2502 -3.3730 -3.7281 -3.5288 -2.4415 -1.8164 -1.2609 -0.8382 -0.5417 -0.3426 -0.2127 -0.1292 -0.0758 -0.0413 -0.0194 -0.0055 0.0031
100.0000 100.0000 100.0000 100.0000 100.0000 100.0000 100.0000 100.0000 100.0000 100.0000 100.0000 100.0000 100.0000 99.9999 99.9999 99.9999 99.9999 99.9999 99.9998 99.9998 99.9998 99.9998 99.9998 99.9998 99.9998 99.9998 99.9998 99.9998 99.9998 0.0013 -0.0062 -0.0181 -0.0372 -0.0671 -0.1132 -0.1856 -0.2987 -0.4726 -0.7343 -1.1136 -1.6273 -2.2405 -3.3565 -3.7083 -3.5114 -2.4307 -1.8095 -1.2571 -0.8369 -0.5422 -0.3444 -0.2152 -0.1321 -0.0790 -0.0450 -0.0230 -0.0093 -0.0007
100.0000 100.0000 100.0000 100.0000 100.0000 100.0000 100.0000 100.0000 100.0000 100.0000 100.0000 100.0000 100.0000 99.9999 99.9999 99.9999 99.9999 99.9999 99.9998 99.9998 99.9998 99.9998 99.9998 99.9998 99.9998 99.9998 99.9998 99.9998 99.9998 -0.0027 -0.0101 -0.0221 -0.0407 -0.0698 -0.1156 -0.1874 -0.2991 -0.4710 -0.7297 -1.1046 -1.6125 -2.2183 -3.3177 -3.6649 -3.4706 -2.4066 -1.7924 -1.2465 -0.8311 -0.5398 -0.3444 -0.2166 -0.1343 -0.0818 -0.0483 -0.0269 -0.0132 -0.0046
100.0000 100.0000 100.0000 100.0000 100.0000 100.0000 100.0000 100.0000 100.0000 100.0000 100.0000 100.0000 100.0000 99.9999 99.9999 99.9999 99.9999 99.9999 99.9998 99.9998 99.9998 99.9998 99.9998 99.9998 99.9998 99.9998 99.9998 99.9998 99.9998 -0.0067 -0.0140 -0.0256 -0.0438 -0.0725 -0.1173 -0.1879 -0.2979 -0.4668 -0.7209 -1.0895 -1.5889 -2.1842 -3.2579 -3.5985 -3.4081 -2.3694 -1.7660 -1.2292 -0.8207 -0.5343 -0.3423 -0.2167 -0.1357 -0.0841 -0.0513 -0.0304 -0.0170 -0.0086
100.0000 100.0000 100.0000 100.0000 100.0000 100.0000 100.0000 100.0000 100.0000 100.0000 100.0000 100.0000 100.0000 99.9999 99.9999 99.9999 99.9999 99.9999 99.9998 99.9998 99.9998 99.9998 99.9998 99.9998 99.9998 99.9998 99.9998 99.9998 99.9998 0.0176 0.0103 -0.0012 -0.0198 -0.0491 -0.0949 -0.1662 -0.2772 -0.4478 -0.7049 -1.0776 -1.5826 -2.1831 -3.2596 -3.6047 -3.4131 -2.3720 -1.7635 -1.2201 -0.8067 -0.5168 -0.3224 -0.1956 -0.1137 -0.0612 -0.0274 -0.0061 0.0073 0.0157
100.0000 100.0000 100.0000 100.0000 100.0000 100.0000 100.0000 100.0000 100.0000 100.0000 100.0000 100.0000 100.0000 99.9999 99.9999 99.9999 99.9999 99.9999 99.9998 99.9998 99.9998 99.9998 99.9998 99.9998 99.9998 99.9998 99.9998 99.9998 99.9998 0.0145 0.0071 -0.0048 -0.0238 -0.0535 -0.0998 -0.1722 -0.2851 -0.4586 -0.7199 -1.0985 -1.6114 -2.2212 -3.3255 -3.6761 -3.4816 -2.4127 -1.7948 -1.2431 -0.8233 -0.5287 -0.3312 -0.2020 -0.1189 -0.0657 -0.0315 -0.0097 0.0040 0.0126
100.0000 100.0000 100.0000 100.0000 100.0000 100.0000 100.0000 100.0000 100.0000 100.0000 100.0000 100.0000 100.0000 99.9999 99.9999 99.9999 99.9999 99.9999 99.9998 99.9998 99.9998 99.9998 99.9998 99.9998 99.9998 99.9998 99.9998 99.9998 99.9998 0.0111 0.0036 -0.0086 -0.0278 -0.0578 -0.1044 -0.1777 -0.2918 -0.4672 -0.7311 -1.1137 -1.6320 -2.2479 -3.3710 -3.7261 -3.5288 -2.4413 -1.8171 -1.2597 -0.8355 -0.5379 -0.3383 -0.2078 -0.1237 -0.0700 -0.0356 -0.0135 0.0005 0.0092
100.0000 100.0000 100.0000 100.0000 100.0000 100.0000 100.0000 100.0000 100.0000 100.0000 100.0000 100.0000 100.0000 99.9999 99.9999 99.9999 99.9999 99.9999 99.9998 99.9998 99.9998 99.9998 99.9998 99.9998 99.9998 99.9998 99.9998 99.9998 99.9998 0.0074 -0.0001 -0.0123 -0.0315 -0.0617 -0.1088 -0.1824 -0.2969 -0.4732 -0.7385 -1.1231 -1.6439 -2.2629 -3.3963 -3.7533 -3.5549 -2.4572 -1.8300 -1.2698 -0.8434 -0.5443 -0.3437 -0.2126 -0.1282 -0.0741 -0.0394 -0.0173 -0.0032 0.0054
100.0000 100.0000 100.0000 100.0000 100.0000 100.0000 100.0000 100.0000 100.0000 100.0000 100.0000 100.0000 100.0000 99.9999 99.9999 99.9999 99.9999 99.9999 99.9998 99.9998 99.9998 99.9998 99.9998 99.9998 99.9998 99.9998 99.9998 99.9998 99.9998 0.0037 -0.0039 -0.0159 -0.0351 -0.0655 -0.1127 -0.1861 -0.3005 -0.4767 -0.7421 -1.1265 -1.6471 -2.2658 -3.4014 -3.7577 -3.5599 -2.4601 -1.8332 -1.2731 -0.8469 -0.5479 -0.3472 -0.2164 -0.1321 -0.0780 -0.0430 -0.0209 -0.0070 0.0017
100.0000 100.0000 100.0000 100.0000 100.0000 100.0000 100.0000 100.0000 100.0000 100.0000 100.0000 100.0000 100.0000 99.9999 99.9999 99.9999 99.9999 99.9999 99.9998 99.9998 99.9998 99.9998 99.9998 99.9998 99.9998 99.9998 99.9998 99.9998 99.9998 -0.0001 -0.0076 -0.0196 -0.0388 -0.0690 -0.1157 -0.1889 -0.3028 -0.4780 -0.7416 -1.1238 -1.6415 -2.2567 -3.3857 -3.7392 -3.5434 -2.4500 -1.8267 -1.2697 -0.8459 -0.5486 -0.3492 -0.2190 -0.1350 -0.0814 -0.0466 -0.0246 -0.0107 -0.0021
100.0000 100.0000 100.0000 100.0000 100.0000 100.0000 100.0000 100.0000 100.0000 100.0000 100.0000 100.0000 100.0000 99.9999 99.9999 99.9999 99.9999 99.9999 99.9998 99.9998 99.9998 99.9998 99.9998 99.9998 99.9998 99.9998 99.9998 99.9998 99.9998 -0.0040 -0.0115 -0.0235 -0.0425 -0.0720 -0.1182 -0.1906 -0.3034 -0.4767 -0.7374 -1.1155 -1.6276 -2.2357 -3.3495 -3.6980 -3.5054 -2.4270 -1.8107 -1.2599 -0.8406 -0.5465 -0.3493 -0.2204 -0.1373 -0.0840 -0.0503 -0.0285 -0.0146 -0.0060
100.0000 100.0000 100.0000 100.0000 100.0000 100.0000 100.0000 100.0000 100.0000 100.0000 100.0000 100.0000 100.0000 99.9999 99.9999 99.9999 99.9999 99.9999 99.9998 99.9998 99.9998 99.9998 99.9998 99.9998 99.9998 99.9998 99.9998 99.9998 99.9998 -0.0080 -0.0153 -0.0272 -0.0457 -0.0747 -0.1200 -0.1913 -0.3023 -0.4729 -0.7293 -1.1014 -1.6055 -2.2031 -3.2920 -3.6350 -3.4451 -2.3916 -1.7856 -1.2436 -0.8310 -0.5416 -0.3476 -0.2207 -0.1388 -0.0865 -0.0534 -0.0320 -0.0184 -0.0099
100.0000 100.0000 100.0000 100.0000 100.0000 100.0000 100.0000 100.0000 100.0000 100.0000 100.0000 100.0000 100.0000 99.9999 99.9999 99.9999 99.9999 99.9999 99.9998 99.9998 99.9998 99.9998 99.9998 99.9998 99.9998 99.9998 99.9998 99.9998 99.9998 0.0153 0.0080 -0.0035 -0.0219 -0.0513 -0.0974 -0.1690 -0.2803 -0.4512 -0.7085 -1.0818 -1.5877 -2.1863 -3.2682 -3.6111 -3.4235 -2.3770 -1.7705 -1.2259 -0.8115 -0.5208 -0.3260 -0.1988 -0.1165 -0.0636 -0.0296 -0.0084 0.0049 0.0133
100.0000 100.0000 100.0000 100.0000 100.0000 100.0000 100.0000 100.0000 100.0000 100.0000 100.0000 100.0000 100.0000 99.9999 99.9999 99.9999 99.9999 99.9999 99.9998 99.9998 99.9998 99.9998 99.9998 99.9998 99.9998 99.9998 99.9998 99.9998 99.9998 0.0124 0.0050 -0.0069 -0.0257 -0.0556 -0.1022 -0.1748 -0.2877 -0.4615 -0.7228 -1.1018 -1.6153 -2.2225 -3.3298 -3.6790 -3.4875 -2.4158 -1.8004 -1.2479 -0.8273 -0.5322 -0.3343 -0.2050 -0.1215 -0.0680 -0.0336 -0.0118 0.0019 0.0104
100.0000 100.0000 100.0000 100.0000 100.0000 100.0000 100.0000 100.0000 100.0000 100.0000 100.0000 100.0000 100.0000 99.9999 99.9999 99.9999 99.9999 99.9999 99.9998 99.9998 99.9998 99.9998 99.9998 99.9998 99.9998 99.9998 99.9998 99.9998 99.9998 0.0092 0.0017 -0.0104 -0.0296 -0.0598 -0.1066 -0.1800 -0.2942 -0.4696 -0.7335 -1.1162 -1.6348 -2.2479 -3.3730 -3.7264 -3.5324 -2.4430 -1.8217 -1.2637 -0.8389 -0.5409 -0.3411 -0.2104 -0.1261 -0.0722 -0.0375 -0.0154 -0.0014 0.0072
100.0000 100.0000 100.0000 100.0000 100.0000 100.0000 100.0000 100.0000 100.0000 100.0000 100.0000 100.0000 100.0000 99.9999 99.9999 99.9999 99.9999 99.9999 99.9998 99.9998 99.9998 99.9998 99.9998 99.9998 99.9998 99.9998 99.9998 99.9998 99.9998 0.0057 -0.0018 -0.0141 -0.0333 -0.0636 -0.1109 -0.1847 -0.2992 -0.4754 -0.7406 -1.1252 -1.6462 -2.2622 -3.3976 -3.7525 -3.5578 -2.4582 -1.8339 -1.2733 -0.8465 -0.5471 -0.3462 -0.2152 -0.1305 -0.0761 -0.0413 -0.0191 -0.0050 0.0037
100.0000 100.0000 100.0000 100.0000 100.0000 100.0000 100.0000 100.0000 100.0000 100.0000 100.0000 100.0000 100.0000 99.9999 99.9999 99.9999 99.9999 99.9999 99.9998 99.9998 99.9998 99.9998 99.9998 99.9998 99.9998 99.9998 99.9998 99.9998 99.9998 0.0019 -0.0056 -0.0176 -0.0368 -0.0671 -0.1147 -0.1884 -0.3027 -0.4788 -0.7440 -1.1285 -1.6493 -2.2651 -3.4030 -3.7569 -3.5631 -2.4610 -1.8371 -1.2765 -0.8499 -0.5505 -0.3498 -0.2190 -0.1343 -0.0799 -0.0448 -0.0226 -0.0087 -0.0000
100.0000 100.0000 100.0000 100.0000 100.0000 100.0000 100.0000 100.0000 100.0000 100.0000 100.0000 100.0000 100.0000 99.9999 99.9999 99.9999 99.9999 99.9999 99.9998 99.9998 99.9998 99.9998 99.9998 99.9998 99.9998 99.9998 99.9998 99.9998 99.9998 -0.0019 -0.0093 -0.0212 -0.0403 -0.0706 -0.1178 -0.1910 -0.3050 -0.4801 -0.7437 -1.1261 -1.6441 -2.2565 -3.3882 -3.7395 -3.5474 -2.4515 -1.8310 -1.2734 -0.8490 -0.5513 -0.3518 -0.2214 -0.1373 -0.0833 -0.0483 -0.0262 -0.0125 -0.0038
100.0000 100.0000 100.0000 100.0000 100.0000 100.0000 100.0000 100.0000 100.0000 100.0000 100.0000 100.0000 100.0000 99.9999 99.9999 99.9999 99.9999 99.9999 99.9998 99.9998 99.9998 99.9998 99.9998 99.9998 99.9998 99.9998 99.9998 99.9998 99.9998 -0.0056 -0.0130 -0.0250 -0.0440 -0.0737 -0.1201 -0.1928 -0.3057 -0.4791 -0.7399 -1.1184 -1.6312 -2.2366 -3.3536 -3.7007 -3.5111 -2.4297 -1.8159 -1.2643 -0.8442 -0.5496 -0.3520 -0.2230 -0.1394 -0.0860 -0.0519 -0.0300 -0.0160 -0.0075
100.0000 100.0000 100.0000 100.0000 100.0000 100.0000 100.0000 100.0000 100.0000 100.0000 100.0000 100.0000 100.0000 99.9999 99.9999 99.9999 99.9999 99.9999 99.9998 99.9998 99.9998 99.9998 99.9998 99.9998 99.9998 99.9998 99.9998 99.9998 99.9998 -0.0095 -0.0168 -0.0286 -0.0472 -0.0765 -0.1220 -0.1935 -0.3048 -0.4756 -0.7324 -1.1051 -1.6102 -2.2057 -3.2999 -3.6409 -3.4549 -2.3961 -1.7924 -1.2490 -0.8352 -0.5450 -0.3505 -0.2231 -0.1410 -0.0885 -0.0550 -0.0335 -0.0199 -0.0115
100.0000 100.0000 100.0000 100.0000 100.0000 100.0000 100.0000 100.0000 100.0000 100.0000 100.0000 100.0000 100.0000 99.9999 99.9999 99.9999 99.9999 99.9999 99.9998 99.9998 99.9998 99.9998 99.9998 99.9998 99.9998 99.9998 99.9998 99.9998 99.9998 0.0125 0.0053 -0.0062 -0.0244 -0.0535 -0.0996 -0.1711 -0.2819 -0.4521 -0.7081 -1.0797 -1.5836 -2.1757 -3.2543 -3.5922 -3.4104 -2.3671 -1.7670 -1.2246 -0.8116 -0.5219 -0.3278 -0.2010 -0.1188 -0.0660 -0.0322 -0.0110 0.0022 0.0105
100.0000 100.0000 100.0000 100.0000 100.0000 100.0000 100.0000 100.0000 100.0000 100.0000 100.0000 100.0000 100.0000 99.9999 99.9999 99.9999 99.9999 99.9999 99.9998 99.9998 99.9998 99.9998 99.9998 99.9998 99.9998 99.9998 99.9998 99.9998 99.9998 0.0097 0.0024 -0.0092 -0.0280 -0.0576 -0.1042 -0.1766 -0.2890 -0.4617 -0.7216 -1.0986 -1.6096 -2.2100 -3.3124 -3.6562 -3.4708 -2.4039 -1.7954 -1.2454 -0.8265 -0.5327 -0.3356 -0.2069 -0.1237 -0.0702 -0.0358 -0.0142 -0.0006 0.0078
100.0000 100.0000 100.0000 100.0000 100.0000 100.0000 100.0000 100.0000 100.0000 100.0000 100.0000 100.0000 100.0000 99.9999 99.9999 99.9999 99.9999 99.9999 99.9998 99.9998 99.9998 99.9998 99.9998 99.9998 99.9998 99.9998 99.9998 99.9998 99.9998 0.0068 -0.0006 -0.0125 -0.0316 -0.0616 -0.1084 -0.1815 -0.2950 -0.4695 -0.7318 -1.1123 -1.6281 -2.2341 -3.3530 -3.7010 -3.5129 -2.4297 -1.8155 -1.2604 -0.8376 -0.5410 -0.3422 -0.2121 -0.1281 -0.0742 -0.0395 -0.0175 -0.0037 0.0048
100.0000 100.0000 100.0000 100.0000 100.0000 100.0000 100.0000 100.0000 100.0000 100.0000 100.0000 100.0000 100.0000 99.9999 99.9999 99.9999 99.9999 99.9999 99.9998 99.9998 99.9998 99.9998 99.9998 99.9998 99.9998 99.9998 99.9998 99.9998 99.9998 0.0034 -0.0040 -0.0160 -0.0351 -0.0652 -0.1125 -0.1859 -0.3000 -0.4750 -0.7384 -1.1207 -1.6389 -2.2476 -3.3766 -3.7257 -3.5373 -2.4440 -1.8272 -1.2694 -0.8447 -0.5467 -0.3471 -0.2166 -0.1322 -0.0780 -0.0431 -0.0210 -0.0071 0.0014
100.0000 100.0000 100.0000 100.0000 100.0000 100.0000 100.0000 100.0000 100.0000 100.0000 100.0000 100.0000 100.0000 99.9999 99.9999 99.9999 99.9999 99.9999 99.9998 99.9998 99.9998 99.9998 99.9998 99.9998 99.9998 99.9998 99.9998 99.9998 99.9998 -0.0003 -0.0077 -0.0195 -0.0384 -0.0686 -0.1161 -0.1896 -0.3035 -0.4783 -0.7417 -1.1239 -1.6419 -2.2504 -3.3820 -3.7301 -3.5426 -2.4467 -1.8301 -1.2725 -0.8479 -0.5501 -0.3504 -0.2203 -0.1359 -0.0815 -0.0464 -0.0245 -0.0108 -0.0023
100.0000 100.0000 100.0000 100.0000 100.0000 100.0000 100.0000 100.0000 100.0000 100.0000 100.0000 100.0000 100.0000 99.9999 99.9999 99.9999 99.9999 99.9999 99.9998 99.9998 99.9998 99.9998 99.9998 99.9998 99.9998 99.9998 99.9998 99.9998 99.9998 -0.0040 -0.0113 -0.0230 -0.0418 -0.0719 -0.1192 -0.1922 -0.3055 -0.4797 -0.7416 -1.1218 -1.6371 -2.2423 -3.3682 -3.7138 -3.5280 -2.4377 -1.8243 -1.2697 -0.8473 -0.5509 -0.3524 -0.2228 -0.1388 -0.0848 -0.0497 -0.0280 -0.0145 -0.0059
100.0000 100.0000 100.0000 100.0000 100.0000 100.0000 100.0000 100.0000 100.0000 100.0000 100.0000 100.0000 100.0000 99.9999 99.9999 99.9999 99.9999 99.9999 99.9998 99.9998 99.9998 99.9998 99.9998 99.9998 99.9998 99.9998 99.9998 99.9998 99.9998 -0.0074 -0.0147 -0.0265 -0.0455 -0.0751 -0.1215 -0.1938 -0.3062 -0.4786 -0.7381 -1.1146 -1.6250 -2.2235 -3.3357 -3.6771 -3.4938 -2.4172 -1.8104 -1.2612 -0.8428 -0.5494 -0.3527 -0.2241 -0.1409 -0.0875 -0.0533 -0.0315 -0.0178 -0.0093
100.0000 100.0000 100.0000 100.0000 100.0000 100.0000 100.0000 100.0000 100.0000 100.0000 100.0000 100.0000 100.0000 99.9999 99.9999 99.9999 99.9999 99.9999 99.9998 99.9998 99.9998 99.9998 99.9998 99.9998 99.9998 99.9998 99.9998 99.9998 99.9998 -0.0110 -0.0182 -0.0301 -0.0486 -0.0778 -0.1234 -0.1946 -0.3052 -0.4754 -0.7311 -1.1022 -1.6053 -2.1942 -3.2850 -3.6207 -3.4407 -2.3854 -1.7881 -1.2468 -0.8344 -0.5452 -0.3513 -0.2245 -0.1425 -0.0901 -0.0564 -0.0350 -0.0213 -0.0129
100.0000 100.0000 100.0000 100.0000 100.0000 100.0000 100.0000 100.0000 100.0000 100.0000 100.0000 100.0000 100.0000 99.9999 99.9999 99.9999 99.9999 99.9999 99.9998 99.9998 99.9998 99.9998 99.9998 99.9998 99.9998 99.9998 99.9998 99.9998 99.9998 0.0092 0.0020 -0.0092 -0.0271 -0.0558 -0.1015 -0.1724 -0.2822 -0.4506 -0.7040 -1.0720 -1.5712 -2.1534 -3.2205 -3.5513 -3.3763 -2.3446 -1.7546 -1.2170 -0.8075 -0.5204 -0.3281 -0.2023 -0.1207 -0.0683 -0.0348 -0.0140 -0.0010 0.0072
100.0000 100.0000 100.0000 100.0000 100.0000 100.0000 100.0000 100.0000 100.0000 100.0000 100.0000 100.0000 100.0000 99.9999 99.9999 99.9999 99.9999 99.9999 99.9998 99.9998 99.9998 99.9998 99.9998 99.9998 99.9998 99.9998 99.9998 99.9998 99.9998 0.0067 -0.0005 -0.0120 -0.0303 -0.0596 -0.1059 -0.1777 -0.2888 -0.4596 -0.7167 -1.0898 -1.5957 -2.1859 -3.2749 -3.6116 -3.4329 -2.3794 -1.7814 -1.2365 -0.8215 -0.5305 -0.3354 -0.2079 -0.1253 -0.0722 -0.0381 -0.0169 -0.0036 0.0048
100.0000 100.0000 100.0000 100.0000 100.0000 100.0000 100.0000 100.0000 100.0000 100.0000 100.0000 100.0000 100.0000 99.9999 99.9999 99.9999 99.9999 99.9999 99.9998 99.9998 99.9998 99.9998 99.9998 99.9998 99.9998 99.9998 99.9998 99.9998 99.9998 0.0039 -0.0034 -0.0150 -0.0336 -0.0633 -0.1099 -0.1822 -0.2945 -0.4669 -0.7264 -1.1028 -1.6133 -2.2086 -3.3130 -3.6537 -3.4725 -2.4037 -1.8004 -1.2508 -0.8321 -0.5384 -0.3415 -0.2128 -0.1296 -0.0761 -0.0415 -0.0199 -0.0065 0.0019
100.0000 100.0000 100.0000 100.0000 100.0000 100.0000 100.0000 100.0000 100.0000 100.0000 100.0000 100.0000 100.0000 99.9999 99.9999 99.9999 99.9999 99.9999 99.9998 99.9998 99.9998 99.9998 99.9998 99.9998 99.9998 99.9998 99.9998 99.9998 99.9998 0.0007 -0.0066 -0.0183 -0.0370 -0.0668 -0.1137 -0.1865 -0.2992 -0.4723 -0.7327 -1.1108 -1.6235 -2.2213 -3.3356 -3.6770 -3.4959 -2.4172 -1.8113 -1.2594 -0.8388 -0.5439 -0.3463 -0.2171 -0.1334 -0.0795 -0.0449 -0.0232 -0.0097 -0.0012
100.0000 100.0000 100.0000 100.0000 100.0000 100.0000 100.0000 100.0000 100.0000 100.0000 100.0000 100.0000 100.0000 99.9999 99.9999 99.9999 99.9999 99.9999 99.9998 99.9998 99.9998 99.9998 99.9998 99.9998 99.9998 99.9998 99.9998 99.9998 99.9998 -0.0028 -0.0101 -0.0217 -0.0402 -0.0699 -0.1171 -0.1900 -0.3026 -0.4755 -0.7358 -1.1137 -1.6263 -2.2239 -3.3409 -3.6811 -3.5011 -2.4197 -1.8141 -1.2622 -0.8418 -0.5470 -0.3495 -0.2206 -0.1368 -0.0828 -0.0481 -0.0266 -0.0132 -0.0048
100.0000 100.0000 100.0000 100.0000 100.0000 100.0000 100.0000 100.0000 100.0000 100.0000 100.0000 100.0000 100.0000 99.9999 99.9999 99.9999 99.9999 99.9999 99.9998 99.9998 99.9998 99.9998 99.9998 99.9998 99.9998 99.9998 99.9998 99.9998 99.9998 -0.0063 -0.0136 -0.0250 -0.0434 -0.0729 -0.1200 -0.1924 -0.3046 -0.4767 -0.7358 -1.1119 -1.6219 -2.2162 -3.3275 -3.6659 -3.4869 -2.4112 -1.8087 -1.2597 -0.8413 -0.5479 -0.3513 -0.2229 -0.1396 -0.0859 -0.0513 -0.0300 -0.0167 -0.0083
100.0000 100.0000 100.0000 100.0000 100.0000 100.0000 100.0000 100.0000 100.0000 100.0000 100.0000 100.0000 100.0000 99.9999 99.9999 99.9999 99.9999 99.9999 99.9998 99.9998 99.9998 99.9998 99.9998 99.9998 99.9998 99.9998 99.9998 99.9998 99.9998 -0.0094 -0.0167 -0.0282 -0.0467 -0.0762 -0.1222 -0.1940 -0.3051 -0.4758 -0.7324 -1.1051 -1.6105 -2.1985 -3.2969 -3.6313 -3.4548 -2.3918 -1.7956 -1.2517 -0.8371 -0.5463 -0.3516 -0.2243 -0.1416 -0.0887 -0.0546 -0.0331 -0.0197 -0.0114
100.0000 100.0000 100.0000 100.0000 100.0000 100.0000 100.0000 100.0000 100.0000 100.0000 100.0000 100.0000 100.0000 99.9999 99.9999 99.9999 99.9999 99.9999 99.9998 99.9998 99.9998 99.9998 99.9998 99.9998 99.9998 99.9998 99.9998 99.9998 99.9998 -0.0129 -0.0200 -0.0314 -0.0499 -0.0788 -0.1241 -0.1947 -0.3043 -0.4725 -0.7258 -1.0933 -1.5917 -2.1708 -3.2497 -3.5781 -3.4053 -2.3617 -1.7747 -1.2380 -0.8291 -0.5424 -0.3502 -0.2246 -0.1433 -0.0911 -0.0576 -0.0363 -0.0230 -0.0148
100.0000 100.0000 100.0000 100.0000 100.0000 100.0000 100.0000 100.0000 100.0000 100.0000 100.0000 100.0000 100.0000 99.9999 99.9999 99.9999 99.9999 99.9999 99.9998 99.9998 99.9998 99.9998 99.9998 99.9998 99.9998 99.9998 99.9998 99.9998 99.9998 0.0056 -0.0014 -0.0124 -0.0300 -0.0581 -0.1031 -0.1731 -0.2813 -0.4473 -0.6970 -1.0598 -1.5520 -2.1215 -3.1686 -3.4919 -3.3235 -2.3116 -1.7344 -1.2041 -0.8000 -0.5167 -0.3270 -0.2028 -0.1222 -0.0705 -0.0376 -0.0172 -0.0044 0.0037
100.0000 100.0000 100.0000 100.0000 100.0000 100.0000 100.0000 100.0000 100.0000 100.0000 100.0000 100.0000 100.0000 99.9999 99.9999 99.9999 99.9999 99.9999 99.9998 99.9998 99.9998 99.9998 99.9998 99.9998 99.9998 99.9998 99.9998 99.9998 99.9998 0.0033 -0.0038 -0.0150 -0.0329 -0.0615 -0.1072 -0.1780 -0.2875 -0.4556 -0.7088 -1.0763 -1.5749 -2.1520 -3.2191 -3.5485 -3.3760 -2.3443 -1.7598 -1.2224 -0.8131 -0.5261 -0.3337 -0.2081 -0.1266 -0.0741 -0.0406 -0.0198 -0.0069 0.0013
100.0000 100.0000 100.0000 100.0000 100.0000 100.0000 100.0000 100.0000 100.0000 100.0000 100.0000 100.0000 100.0000 99.9999 99.9999 99.9999 99.9999 99.9999 99.9998 99.9998 99.9998 99.9998 99.9998 99.9998 99.9998 99.9998 99.9998 99.9998 99.9998 0.0006 -0.0065 -0.0177 -0.0359 -0.0650 -0.1110 -0.1823 -0.2928 -0.4625 -0.7179 -1.0886 -1.5914 -2.1733 -3.2554 -3.5878 -3.4136 -2.3671 -1.7776 -1.2357 -0.8230 -0.5335 -0.3396 -0.2126 -0.1305 -0.0777 -0.0437 -0.0226 -0.0096 -0.0013
100.0000 100.0000 100.0000 100.0000 100.0000 100.0000 100.0000 100.0000 100.0000 100.0000 100.0000 100.0000 100.0000 99.9999 99.9999 99.9999 99.9999 99.9999 99.9998 99.9998 99.9998 99.9998 99.9998 99.9998 99.9998 99.9998 99.9998 99.9998 99.9998 -0.0023 -0.0094 -0.0208 -0.0391 -0.0682 -0.1144 -0.1862 -0.2972 -0.4675 -0.7239 -1.0962 -1.6011 -2.1853 -3.2767 -3.6097 -3.4358 -2.3797 -1.7880 -1.2439 -0.8294 -0.5387 -0.3440 -0.2166 -0.1340 -0.0809 -0.0469 -0.0257 -0.0125 -0.0042
100.0000 100.0000 100.0000 100.0000 100.0000 100.0000 100.0000 100.0000 100.0000 100.0000 100.0000 100.0000 100.0000 99.9999 99.9999 99.9999 99.9999 99.9999 99.9998 99.9998 99.9998 99.9998 99.9998 99.9998 99.9998 99.9998 99.9998 99.9998 99.9998 -0.0056 -0.0128 -0.0241 -0.0421 -0.0711 -0.1175 -0.1894 -0.3005 -0.4706 -0.7268 -1.0991 -1.6039 -2.1876 -3.2814 -3.6137 -3.4403 -2.3821 -1.7906 -1.2468 -0.8323 -0.5417 -0.3471 -0.2199 -0.1371 -0.0838 -0.0500 -0.0290 -0.0159 -0.0076
100.0000 100.0000 100.0000 100.0000 100.0000 100.0000 100.0000 100.0000 100.0000 100.0000 100.0000 100.0000 100.0000 99.9999 99.9999 99.9999 99.9999 99.9999 99.9998 99.9998 99.9998 99.9998 99.9998 99.9998 99.9998 99.9998 99.9998 99.9998 99.9998 -0.0089 -0.0160 -0.0272 -0.0451 -0.0740 -0.1203 -0.1917 -0.3021 -0.4718 -0.7268 -1.0973 -1.5999 -2.1804 -3.2688 -3.5991 -3.4270 -2.3740 -1.7856 -1.2445 -0.8318 -0.5425 -0.3489 -0.2221 -0.1398 -0.0867 -0.0529 -0.0321 -0.0191 -0.0108
100.0000 100.0000 100.0000 100.0000 100.0000 100.0000 100.0000 100.0000 100.0000 100.0000 100.0000 100.0000 100.0000 99.9999 99.9999 99.9999 99.9999 99.9999 99.9998 99.9998 99.9998 99.9998 99.9998 99.9998 99.9998 99.9998 99.9998 99.9998 99.9998 -0.0118 -0.0189 -0.0300 -0.0481 -0.0769 -0.1225 -0.1931 -0.3027 -0.4708 -0.7237 -1.0909 -1.5890 -2.1636 -3.2395 -3.5667 -3.3962 -2.3557 -1.7733 -1.2368 -0.8278 -0.5411 -0.3490 -0.2232 -0.1418 -0.0895 -0.0559 -0.0349 -0.0220 -0.0138
100.0000 100.0000 100.0000 100.0000 100.0000 100.0000 100.0000 100.0000 100.0000 100.0000 100.0000 100.0000 100.0000 99.9999 99.9999 99.9999 99.9999 99.9999 99.9998 99.9998 99.9998 99.9998 99.9998 99.9998 99.9998 99.9998 99.9998 99.9998 99.9998 -0.0148 -0.0218 -0.0331 -0.0509 -0.0794 -0.1243 -0.1939 -0.3018 -0.4678 -0.7173 -1.0796 -1.5712 -2.1375 -3.1960 -3.5166 -3.3506 -2.3273 -1.7534 -1.2238 -0.8202 -0.5372 -0.3477 -0.2236 -0.1434 -0.0919 -0.0586 -0.0379 -0.0248 -0.0167
100.0000 100.0000 100.0000 100.0000 100.0000 100.0000 100.0000 100.0000 100.0000 100.0000 100.0000 100.0000 100.0000 99.9999 99.9999 99.9999 99.9999 99.9999 99.9998 99.9998 99.9998 99.9998 99.9998 99.9998 99.9998 99.9998 99.9998 99.9998 99.9998 0.0017 -0.0051 -0.0159 -0.0330 -0.0604 -0.1044 -0.1730 -0.2793 -0.4422 -0.6874 -1.0435 -1.5268 -2.0816 -3.1018 -3.4173 -3.2549 -2.2699 -1.7080 -1.1867 -0.7895 -0.5112 -0.3247 -0.2025 -0.1233 -0.0725 -0.0405 -0.0206 -0.0081 -0.0001
100.0000 100.0000 100.0000 100.0000 100.0000 100.0000 100.0000 100.0000 100.0000 100.0000 100.0000 100.0000 100.0000 99.9999 99.9999 99.9999 99.9999 99.9999 99.9998 99.9998 99.9998 99.9998 99.9998 99.9998 99.9998 99.9998 99.9998 99.9998 99.9998 -0.0004 -0.0074 -0.0182 -0.0356 -0.0635 -0.1082 -0.1777 -0.2852 -0.4500 -0.6983 -1.0588 -1.5482 -2.1102 -3.1496 -3.4701 -3.3047 -2.3006 -1.7317 -1.2036 -0.8016 -0.5198 -0.3310 -0.2075 -0.1273 -0.0759 -0.0432 -0.0230 -0.0104 -0.0023
100.0000 100.0000 100.0000 100.0000 100.0000 100.0000 100.0000 100.0000 100.0000 100.0000 100.0000 100.0000 100.0000 99.9999 99.9999 99.9999 99.9999 99.9999 99.9998 99.9998 99.9998 99.9998 99.9998 99.9998 99.9998 99.9998 99.9998 99.9998 99.9998 -0.0029 -0.0099 -0.0207 -0.0383 -0.0666 -0.1118 -0.1817 -0.2900 -0.4563 -0.7069 -1.0704 -1.5638 -2.1302 -3.1834 -3.5069 -3.3399 -2.3220 -1.7484 -1.2163 -0.8110 -0.5268 -0.3363 -0.2117 -0.1310 -0.0792 -0.0460 -0.0256 -0.0129 -0.0048
100.0000 100.0000 100.0000 100.0000 100.0000 100.0000 100.0000 100.0000 100.0000 100.0000 100.0000 100.0000 100.0000 99.9999 99.9999 99.9999 99.9999 99.9999 99.9998 99.9998 99.9998 99.9998 99.9998 99.9998 99.9998 99.9998 99.9998 99.9998 99.9998 -0.0056 -0.0126 -0.0235 -0.0412 -0.0696 -0.1148 -0.1851 -0.2941 -0.4612 -0.7125 -1.0775 -1.5729 -2.1413 -3.2033 -3.5274 -3.3603 -2.3337 -1.7582 -1.2239 -0.8170 -0.5317 -0.3406 -0.2153 -0.1342 -0.0821 -0.0489 -0.0284 -0.0157 -0.0075
100.0000 100.0000 100.0000 100.0000 100.0000 100.0000 100.0000 100.0000 100.0000 100.0000 100.0000 100.0000 100.0000 99.9999 99.9999 99.9999 99.9999 99.9999 99.9998 99.9998 99.9998 99.9998 99.9998 99.9998 99.9998 99.9998 99.9998 99.9998 99.9998 -0.0085 -0.0156 -0.0267 -0.0442 -0.0724 -0.1175 -0.1881 -0.2971 -0.4641 -0.7152 -1.0802 -1.5756 -2.1435 -3.2073 -3.5309 -3.3643 -2.3359 -1.7608 -1.2267 -0.8197 -0.5344 -0.3435 -0.2182 -0.1369 -0.0848 -0.0519 -0.0315 -0.0187 -0.0105
100.0000 100.0000 100.0000 100.0000 100.0000 100.0000 100.0000 100.0000 100.0000 100.0000 100.0000 100.0000 100.0000 99.9999 99.9999 99.9999 99.9999 99.9999 99.9998 99.9998 99.9998 99.9998 99.9998 99.9998 99.9998 99.9998 99.9998 99.9998 99.9998 -0.0115 -0.0185 -0.0296 -0.0470 -0.0749 -0.1201 -0.1902 -0.2987 -0.4650 -0.7153 -1.0788 -1.5721 -2.1366 -3.1949 -3.5172 -3.3512 -2.3283 -1.7561 -1.2247 -0.8194 -0.5353 -0.3449 -0.2202 -0.1394 -0.0874 -0.0547 -0.0345 -0.0216 -0.0134
100.0000 100.0000 100.0000 100.0000 100.0000 100.0000 100.0000 100.0000 100.0000 100.0000 100.0000 100.0000 100.0000 99.9999 99.9999 99.9999 99.9999 99.9999 99.9998 99.9998 99.9998 99.9998 99.9998 99.9998 99.9998 99.9998 99.9998 99.9998 99.9998 -0.0143 -0.0213 -0.0321 -0.0496 -0.0777 -0.1222 -0.1916 -0.2990 -0.4640 -0.7122 -1.0725 -1.5616 -2.1208 -3.1684 -3.4866 -3.3234 -2.3110 -1.7445 -1.2173 -0.8154 -0.5338 -0.3451 -0.2213 -0.1413 -0.0900 -0.0572 -0.0369 -0.0243 -0.0163
100.0000 100.0000 100.0000 100.0000 100.0000 100.0000 100.0000 100.0000 100.0000 100.0000 100.0000 100.0000 100.0000 99.9999 99.9999 99.9999 99.9999 99.9999 99.9998 99.9998 99.9998 99.9998 99.9998 99.9998 99.9998 99.9998 99.9998 99.9998 99.9998 -0.0171 -0.0240 -0.0347 -0.0522 -0.0799 -0.1240 -0.1923 -0.2982 -0.4610 -0.7062 -1.0619 -1.5447 -2.0962 -3.1276 -3.4398 -3.2805 -2.2842 -1.7257 -1.2049 -0.8082 -0.5302 -0.3436 -0.2217 -0.1429 -0.0922 -0.0598 -0.0395 -0.0270 -0.0190
