100.0000 100.0000 100.0000 100.0000 100.0000 100.0000 100.0000 100.0000 100.0000 100.0000 100.0000 100.0000 100.0000 100.0000 100.0000 100.0000 100.0000 100.0000 100.0000 100.0000 100.0000 100.0000 100.0000 100.0000 100.0000 100.0000 100.0000 100.0000 100.0000 -0.0326 -0.0344 -0.0359 -0.0381 -0.0418 -0.0483 -0.0584 -0.0735 -0.0961 -0.1303 -0.1806 -0.2526 -0.3374 -0.4161 -0.4568 -0.4346 -0.3647 -0.2785 -0.2008 -0.1441 -0.1056 -0.0796 -0.0623 -0.0508 -0.0441 -0.0391 -0.0365 -0.0348 -0.0328
100.0000 100.0000 100.0000 100.0000 100.0000 100.0000 100.0000 100.0000 100.0000 100.0000 100.0000 100.0000 100.0000 100.0000 100.0000 100.0000 100.0000 100.0000 100.0000 100.0000 100.0000 100.0000 100.0000 100.0000 100.0000 100.0000 100.0000 100.0000 100.0000 -0.0325 -0.0342 -0.0356 -0.0379 -0.0415 -0.0483 -0.0582 -0.0732 -0.0961 -0.1301 -0.1803 -0.2529 -0.3374 -0.4163 -0.4570 -0.4347 -0.3650 -0.2784 -0.2008 -0.1439 -0.1054 -0.0793 -0.0621 -0.0508 -0.0441 -0.0389 -0.0362 -0.0346 -0.0327
100.0000 100.0000 100.0000 100.0000 100.0000 100.0000 100.0000 100.0000 100.0000 100.0000 100.0000 100.0000 100.0000 100.0000 100.0000 100.0000 100.0000 100.0000 100.0000 100.0000 100.0000 100.0000 100.0000 100.0000 100.0000 100.0000 100.0000 100.0000 100.0000 -0.0324 -0.0342 -0.0356 -0.0379 -0.0415 -0.0481 -0.0580 -0.0730 -0.0957 -0.1300 -0.1804 -0.2528 -0.3376 -0.4165 -0.4572 -0.4349 -0.3650 -0.2785 -0.2003 -0.1440 -0.1051 -0.0792 -0.0619 -0.0506 -0.0439 -0.0388 -0.0362 -0.0345 -0.0327
100.0000 100.0000 100.0000 100.0000 100.0000 100.0000 100.0000 100.0000 100.0000 100.0000 100.0000 100.0000 100.0000 100.0000 100.0000 100.0000 100.0000 100.0000 100.0000 100.0000 100.0000 100.0000 100.0000 100.0000 100.0000 100.0000 100.0000 100.0000 100.0000 -0.0324 -0.0341 -0.0356 -0.0378 -0.0415 -0.0480 -0.0578 -0.0726 -0.0953 -0.1298 -0.1804 -0.2524 -0.3374 -0.4163 -0.4572 -0.4348 -0.3650 -0.2783 -0.2003 -0.1437 -0.1048 -0.0787 -0.0617 -0.0504 -0.0437 -0.0388 -0.0362 -0.0345 -0.0327
100.0000 100.0000 100.0000 100.0000 100.0000 100.0000 100.0000 100.0000 100.0000 100.0000 100.0000 100.0000 100.0000 100.0000 100.0000 100.0000 100.0000 100.0000 100.0000 100.0000 100.0000 100.0000 100.0000 100.0000 100.0000 100.0000 100.0000 100.0000 100.0000 -0.0325 -0.0340 -0.0354 -0.0377 -0.0414 -0.0479 -0.0574 -0.0721 -0.0949 -0.1295 -0.1803 -0.2521 -0.3372 -0.4158 -0.4567 -0.4344 -0.3647 -0.2778 -0.2003 -0.1434 -0.1043 -0.0782 -0.0613 -0.0503 -0.0436 -0.0387 -0.0360 -0.0344 -0.0328
100.0000 100.0000 100.0000 100.0000 100.0000 100.0000 100.0000 100.0000 100.0000 100.0000 100.0000 100.0000 100.0000 100.0000 100.0000 100.0000 100.0000 100.0000 100.0000 100.0000 100.0000 100.0000 100.0000 100.0000 100.0000 100.0000 100.0000 100.0000 100.0000 -0.0326 -0.0341 -0.0355 -0.0378 -0.0415 -0.0475 -0.0570 -0.0717 -0.0942 -0.1292 -0.1804 -0.2516 -0.3368 -0.4152 -0.4560 -0.4337 -0.3641 -0.2775 -0.2001 -0.1432 -0.1040 -0.0778 -0.0609 -0.0499 -0.0432 -0.0388 -0.0362 -0.0345 -0.0328
100.0000 100.0000 100.0000 100.0000 100.0000 100.0000 100.0000 100.0000 100.0000 100.0000 100.0000 100.0000 100.0000 100.0000 100.0000 100.0000 100.0000 100.0000 100.0000 100.0000 100.0000 100.0000 100.0000 100.0000 100.0000 100.0000 100.0000 100.0000 100.0000 -0.0327 -0.0339 -0.0353 -0.0376 -0.0412 -0.0474 -0.0566 -0.0711 -0.0939 -0.1287 -0.1800 -0.2510 -0.3359 -0.4144 -0.4551 -0.4328 -0.3632 -0.2767 -0.2000 -0.1426 -0.1035 -0.0771 -0.0604 -0.0498 -0.0431 -0.0386 -0.0359 -0.0343 -0.0330
100.0000 100.0000 100.0000 100.0000 100.0000 100.0000 100.0000 100.0000 100.0000 100.0000 100.0000 100.0000 100.0000 100.0000 100.0000 100.0000 100.0000 100.0000 100.0000 100.0000 100.0000 100.0000 100.0000 100.0000 100.0000 100.0000 100.0000 100.0000 100.0000 -0.0327 -0.0339 -0.0353 -0.0376 -0.0412 -0.0469 -0.0561 -0.0707 -0.0933 -0.1283 -0.1795 -0.2501 -0.3350 -0.4134 -0.4543 -0.4320 -0.3622 -0.2759 -0.1995 -0.1422 -0.1031 -0.0768 -0.0600 -0.0494 -0.0427 -0.0386 -0.0359 -0.0343 -0.0329
100.0000 100.0000 100.0000 100.0000 100.0000 100.0000 100.0000 100.0000 100.0000 100.0000 100.0000 100.0000 100.0000 100.0000 100.0000 100.0000 100.0000 100.0000 100.0000 100.0000 100.0000 100.0000 100.0000 100.0000 100.0000 100.0000 100.0000 100.0000 100.0000 -0.0327 -0.0344 -0.0359 -0.0382 -0.0419 -0.0486 -0.0587 -0.0742 -0.0975 -0.1324 -0.1829 -0.2564 -0.3422 -0.4215 -0.4626 -0.4401 -0.3698 -0.2825 -0.2033 -0.1465 -0.1072 -0.0804 -0.0626 -0.0511 -0.0443 -0.0392 -0.0365 -0.0348 -0.0330
100.0000 100.0000 100.0000 100.0000 100.0000 100.0000 100.0000 100.0000 100.0000 100.0000 100.0000 100.0000 100.0000 100.0000 100.0000 100.0000 100.0000 100.0000 100.0000 100.0000 100.0000 100.0000 100.0000 100.0000 100.0000 100.0000 100.0000 100.0000 100.0000 -0.0326 -0.0343 -0.0358 -0.0381 -0.0417 -0.0484 -0.0586 -0.0740 -0.0973 -0.1321 -0.1827 -0.2564 -0.3422 -0.4218 -0.4628 -0.4403 -0.3699 -0.2827 -0.2031 -0.1462 -0.1071 -0.0802 -0.0626 -0.0509 -0.0441 -0.0390 -0.0364 -0.0347 -0.0329
100.0000 100.0000 100.0000 100.0000 100.0000 100.0000 100.0000 100.0000 100.0000 100.0000 100.0000 100.0000 100.0000 100.0000 100.0000 100.0000 100.0000 100.0000 100.0000 100.0000 100.0000 100.0000 100.0000 100.0000 100.0000 100.0000 100.0000 100.0000 100.0000 -0.0326 -0.0342 -0.0357 -0.0380 -0.0416 -0.0483 -0.0584 -0.0738 -0.0971 -0.1319 -0.1829 -0.2563 -0.3421 -0.4217 -0.4630 -0.4405 -0.3701 -0.2826 -0.2032 -0.1460 -0.1067 -0.0800 -0.0623 -0.0508 -0.0440 -0.0389 -0.0363 -0.0346 -0.0328
100.0000 100.0000 100.0000 100.0000 100.0000 100.0000 100.0000 100.0000 100.0000 100.0000 100.0000 100.0000 100.0000 100.0000 100.0000 100.0000 100.0000 100.0000 100.0000 100.0000 100.0000 100.0000 100.0000 100.0000 100.0000 100.0000 100.0000 100.0000 100.0000 -0.0326 -0.0341 -0.0356 -0.0379 -0.0416 -0.0482 -0.0582 -0.0735 -0.0966 -0.1315 -0.1829 -0.2559 -0.3420 -0.4215 -0.4628 -0.4402 -0.3697 -0.2822 -0.2032 -0.1456 -0.1062 -0.0797 -0.0621 -0.0507 -0.0439 -0.0389 -0.0362 -0.0345 -0.0328
100.0000 100.0000 100.0000 100.0000 100.0000 100.0000 100.0000 100.0000 100.0000 100.0000 100.0000 100.0000 100.0000 100.0000 100.0000 100.0000 100.0000 100.0000 100.0000 100.0000 100.0000 100.0000 100.0000 100.0000 100.0000 100.0000 100.0000 100.0000 100.0000 -0.0326 -0.0342 -0.0356 -0.0379 -0.0416 -0.0480 -0.0580 -0.0731 -0.0961 -0.1309 -0.1828 -0.2555 -0.3416 -0.4210 -0.4623 -0.4397 -0.3695 -0.2817 -0.2030 -0.1450 -0.1058 -0.0792 -0.0620 -0.0505 -0.0438 -0.0389 -0.0363 -0.0346 -0.0329
100.0000 100.0000 100.0000 100.0000 100.0000 100.0000 100.0000 100.0000 100.0000 100.0000 100.0000 100.0000 100.0000 100.0000 100.0000 100.0000 100.0000 100.0000 100.0000 100.0000 100.0000 100.0000 100.0000 100.0000 100.0000 100.0000 100.0000 100.0000 100.0000 -0.0326 -0.0342 -0.0356 -0.0379 -0.0416 -0.0481 -0.0576 -0.0727 -0.0956 -0.1305 -0.1826 -0.2550 -0.3411 -0.4203 -0.4616 -0.4390 -0.3690 -0.2811 -0.2029 -0.1446 -0.1050 -0.0788 -0.0616 -0.0506 -0.0438 -0.0389 -0.0362 -0.0345 -0.0329
100.0000 100.0000 100.0000 100.0000 100.0000 100.0000 100.0000 100.0000 100.0000 100.0000 100.0000 100.0000 100.0000 100.0000 100.0000 100.0000 100.0000 100.0000 100.0000 100.0000 100.0000 100.0000 100.0000 100.0000 100.0000 100.0000 100.0000 100.0000 100.0000 -0.0327 -0.0342 -0.0356 -0.0379 -0.0416 -0.0478 -0.0575 -0.0721 -0.0948 -0.1299 -0.1820 -0.2542 -0.3403 -0.4194 -0.4605 -0.4380 -0.3680 -0.2805 -0.2025 -0.1440 -0.1047 -0.0782 -0.0614 -0.0503 -0.0435 -0.0389 -0.0362 -0.0346 -0.0329
100.0000 100.0000 100.0000 100.0000 100.0000 100.0000 100.0000 100.0000 100.0000 100.0000 100.0000 100.0000 100.0000 100.0000 100.0000 100.0000 100.0000 100.0000 100.0000 100.0000 100.0000 100.0000 100.0000 100.0000 100.0000 100.0000 100.0000 100.0000 100.0000 -0.0326 -0.0341 -0.0355 -0.0378 -0.0415 -0.0477 -0.0570 -0.0716 -0.0943 -0.1295 -0.1814 -0.2536 -0.3394 -0.4182 -0.4594 -0.4369 -0.3671 -0.2795 -0.2018 -0.1435 -0.1039 -0.0778 -0.0609 -0.0502 -0.0434 -0.0388 -0.0361 -0.0345 -0.0328
100.0000 100.0000 100.0000 100.0000 100.0000 100.0000 100.0000 100.0000 100.0000 100.0000 100.0000 100.0000 100.0000 100.0000 100.0000 100.0000 100.0000 100.0000 100.0000 100.0000 100.0000 100.0000 100.0000 100.0000 100.0000 100.0000 100.0000 100.0000 100.0000 -0.0329 -0.0345 -0.0360 -0.0383 -0.0420 -0.0487 -0.0590 -0.0745 -0.0983 -0.1340 -0.1852 -0.2596 -0.3465 -0.4263 -0.4677 -0.4450 -0.3745 -0.2862 -0.2057 -0.1483 -0.1085 -0.0808 -0.0630 -0.0513 -0.0444 -0.0393 -0.0366 -0.0349 -0.0331
100.0000 100.0000 100.0000 100.0000 100.0000 100.0000 100.0000 100.0000 100.0000 100.0000 100.0000 100.0000 100.0000 100.0000 100.0000 100.0000 100.0000 100.0000 100.0000 100.0000 100.0000 100.0000 100.0000 100.0000 100.0000 100.0000 100.0000 100.0000 100.0000 -0.0328 -0.0344 -0.0359 -0.0382 -0.0419 -0.0486 -0.0587 -0.0744 -0.0981 -0.1339 -0.1852 -0.2596 -0.3465 -0.4265 -0.4680 -0.4452 -0.3745 -0.2862 -0.2055 -0.1482 -0.1082 -0.0807 -0.0627 -0.0511 -0.0442 -0.0392 -0.0365 -0.0348 -0.0330
100.0000 100.0000 100.0000 100.0000 100.0000 100.0000 100.0000 100.0000 100.0000 100.0000 100.0000 100.0000 100.0000 100.0000 100.0000 100.0000 100.0000 100.0000 100.0000 100.0000 100.0000 100.0000 100.0000 100.0000 100.0000 100.0000 100.0000 100.0000 100.0000 -0.0327 -0.0343 -0.0358 -0.0381 -0.0418 -0.0484 -0.0586 -0.0742 -0.0979 -0.1335 -0.1850 -0.2593 -0.3464 -0.4262 -0.4679 -0.4451 -0.3744 -0.2861 -0.2057 -0.1478 -0.1080 -0.0804 -0.0626 -0.0510 -0.0441 -0.0391 -0.0364 -0.0347 -0.0329
100.0000 100.0000 100.0000 100.0000 100.0000 100.0000 100.0000 100.0000 100.0000 100.0000 100.0000 100.0000 100.0000 100.0000 100.0000 100.0000 100.0000 100.0000 100.0000 100.0000 100.0000 100.0000 100.0000 100.0000 100.0000 100.0000 100.0000 100.0000 100.0000 -0.0326 -0.0342 -0.0357 -0.0380 -0.0417 -0.0483 -0.0585 -0.0739 -0.0976 -0.1330 -0.1849 -0.2593 -0.3461 -0.4258 -0.4676 -0.4449 -0.3742 -0.2856 -0.2056 -0.1473 -0.1075 -0.0802 -0.0625 -0.0509 -0.0440 -0.0390 -0.0363 -0.0346 -0.0329
100.0000 100.0000 100.0000 100.0000 100.0000 100.0000 100.0000 100.0000 100.0000 100.0000 100.0000 100.0000 100.0000 100.0000 100.0000 100.0000 100.0000 100.0000 100.0000 100.0000 100.0000 100.0000 100.0000 100.0000 100.0000 100.0000 100.0000 100.0000 100.0000 -0.0325 -0.0342 -0.0357 -0.0380 -0.0417 -0.0483 -0.0583 -0.0738 -0.0971 -0.1325 -0.1847 -0.2589 -0.3458 -0.4254 -0.4671 -0.4443 -0.3738 -0.2851 -0.2054 -0.1468 -0.1070 -0.0800 -0.0623 -0.0508 -0.0439 -0.0390 -0.0363 -0.0346 -0.0328
100.0000 100.0000 100.0000 100.0000 100.0000 100.0000 100.0000 100.0000 100.0000 100.0000 100.0000 100.0000 100.0000 100.0000 100.0000 100.0000 100.0000 100.0000 100.0000 100.0000 100.0000 100.0000 100.0000 100.0000 100.0000 100.0000 100.0000 100.0000 100.0000 -0.0325 -0.0341 -0.0356 -0.0379 -0.0416 -0.0482 -0.0582 -0.0733 -0.0967 -0.1317 -0.1842 -0.2580 -0.3450 -0.4246 -0.4664 -0.4436 -0.3733 -0.2846 -0.2052 -0.1460 -0.1064 -0.0796 -0.0622 -0.0507 -0.0439 -0.0389 -0.0362 -0.0345 -0.0328
100.0000 100.0000 100.0000 100.0000 100.0000 100.0000 100.0000 100.0000 100.0000 100.0000 100.0000 100.0000 100.0000 100.0000 100.0000 100.0000 100.0000 100.0000 100.0000 100.0000 100.0000 100.0000 100.0000 100.0000 100.0000 100.0000 100.0000 100.0000 100.0000 -0.0324 -0.0341 -0.0355 -0.0379 -0.0416 -0.0481 -0.0579 -0.0731 -0.0960 -0.1312 -0.1838 -0.2574 -0.3442 -0.4238 -0.4652 -0.4425 -0.3722 -0.2836 -0.2045 -0.1455 -0.1057 -0.0793 -0.0619 -0.0506 -0.0438 -0.0389 -0.0362 -0.0345 -0.0326
100.0000 100.0000 100.0000 100.0000 100.0000 100.0000 100.0000 100.0000 100.0000 100.0000 100.0000 100.0000 100.0000 100.0000 100.0000 100.0000 100.0000 100.0000 100.0000 100.0000 100.0000 100.0000 100.0000 100.0000 100.0000 100.0000 100.0000 100.0000 100.0000 -0.0323 -0.0339 -0.0354 -0.0377 -0.0414 -0.0479 -0.0577 -0.0725 -0.0955 -0.1304 -0.1830 -0.2565 -0.3430 -0.4225 -0.4639 -0.4412 -0.3712 -0.2830 -0.2039 -0.1446 -0.1050 -0.0788 -0.0617 -0.0504 -0.0436 -0.0387 -0.0360 -0.0343 -0.0325
100.0000 100.0000 100.0000 100.0000 100.0000 100.0000 100.0000 100.0000 100.0000 100.0000 100.0000 100.0000 100.0000 100.0000 100.0000 100.0000 100.0000 100.0000 100.0000 100.0000 100.0000 100.0000 100.0000 100.0000 100.0000 100.0000 100.0000 100.0000 100.0000 -0.0329 -0.0346 -0.0361 -0.0385 -0.0422 -0.0489 -0.0592 -0.0749 -0.0988 -0.1353 -0.1875 -0.2624 -0.3503 -0.4304 -0.4722 -0.4493 -0.3786 -0.2894 -0.2080 -0.1498 -0.1093 -0.0813 -0.0633 -0.0515 -0.0445 -0.0395 -0.0367 -0.0350 -0.0331
100.0000 100.0000 100.0000 100.0000 100.0000 100.0000 100.0000 100.0000 100.0000 100.0000 100.0000 100.0000 100.0000 100.0000 100.0000 100.0000 100.0000 100.0000 100.0000 100.0000 100.0000 100.0000 100.0000 100.0000 100.0000 100.0000 100.0000 100.0000 100.0000 -0.0328 -0.0345 -0.0360 -0.0383 -0.0421 -0.0488 -0.0590 -0.0747 -0.0987 -0.1351 -0.1874 -0.2624 -0.3503 -0.4305 -0.4724 -0.4494 -0.3786 -0.2894 -0.2080 -0.1496 -0.1090 -0.0810 -0.0631 -0.0514 -0.0444 -0.0393 -0.0366 -0.0349 -0.0330
100.0000 100.0000 100.0000 100.0000 100.0000 100.0000 100.0000 100.0000 100.0000 100.0000 100.0000 100.0000 100.0000 100.0000 100.0000 100.0000 100.0000 100.0000 100.0000 100.0000 100.0000 100.0000 100.0000 100.0000 100.0000 100.0000 100.0000 100.0000 100.0000 -0.0327 -0.0343 -0.0358 -0.0382 -0.0419 -0.0486 -0.0588 -0.0745 -0.0985 -0.1348 -0.1871 -0.2623 -0.3502 -0.4302 -0.4720 -0.4491 -0.3785 -0.2892 -0.2078 -0.1493 -0.1088 -0.0809 -0.0629 -0.0512 -0.0443 -0.0392 -0.0365 -0.0347 -0.0329
100.0000 100.0000 100.0000 100.0000 100.0000 100.0000 100.0000 100.0000 100.0000 100.0000 100.0000 100.0000 100.0000 100.0000 100.0000 100.0000 100.0000 100.0000 100.0000 100.0000 100.0000 100.0000 100.0000 100.0000 100.0000 100.0000 100.0000 100.0000 100.0000 -0.0325 -0.0342 -0.0357 -0.0381 -0.0418 -0.0485 -0.0587 -0.0743 -0.0982 -0.1344 -0.1867 -0.2622 -0.3498 -0.4297 -0.4717 -0.4487 -0.3782 -0.2891 -0.2076 -0.1489 -0.1085 -0.0807 -0.0628 -0.0511 -0.0441 -0.0391 -0.0364 -0.0346 -0.0328
100.0000 100.0000 100.0000 100.0000 100.0000 100.0000 100.0000 100.0000 100.0000 100.0000 100.0000 100.0000 100.0000 100.0000 100.0000 100.0000 100.0000 100.0000 100.0000 100.0000 100.0000 100.0000 100.0000 100.0000 100.0000 100.0000 100.0000 100.0000 100.0000 -0.0324 -0.0341 -0.0355 -0.0379 -0.0416 -0.0484 -0.0585 -0.0741 -0.0980 -0.1338 -0.1863 -0.2618 -0.3492 -0.4291 -0.4711 -0.4482 -0.3778 -0.2886 -0.2074 -0.1483 -0.1080 -0.0805 -0.0626 -0.0510 -0.0440 -0.0389 -0.0362 -0.0345 -0.0327
100.0000 100.0000 100.0000 100.0000 100.0000 100.0000 100.0000 100.0000 100.0000 100.0000 100.0000 100.0000 100.0000 100.0000 100.0000 100.0000 100.0000 100.0000 100.0000 100.0000 100.0000 100.0000 100.0000 100.0000 100.0000 100.0000 100.0000 100.0000 100.0000 -0.0322 -0.0340 -0.0354 -0.0378 -0.0416 -0.0482 -0.0584 -0.0740 -0.0975 -0.1332 -0.1857 -0.2610 -0.3485 -0.4284 -0.4703 -0.4473 -0.3770 -0.2877 -0.2068 -0.1476 -0.1075 -0.0803 -0.0625 -0.0508 -0.0438 -0.0388 -0.0361 -0.0344 -0.0324
100.0000 100.0000 100.0000 100.0000 100.0000 100.0000 100.0000 100.0000 100.0000 100.0000 100.0000 100.0000 100.0000 100.0000 100.0000 100.0000 100.0000 100.0000 100.0000 100.0000 100.0000 100.0000 100.0000 100.0000 100.0000 100.0000 100.0000 100.0000 100.0000 -0.0321 -0.0337 -0.0352 -0.0376 -0.0413 -0.0481 -0.0582 -0.0736 -0.0972 -0.1324 -0.1852 -0.2604 -0.3476 -0.4275 -0.4693 -0.4464 -0.3759 -0.2869 -0.2063 -0.1468 -0.1068 -0.0800 -0.0623 -0.0506 -0.0437 -0.0386 -0.0358 -0.0341 -0.0323
100.0000 100.0000 100.0000 100.0000 100.0000 100.0000 100.0000 100.0000 100.0000 100.0000 100.0000 100.0000 100.0000 100.0000 100.0000 100.0000 100.0000 100.0000 100.0000 100.0000 100.0000 100.0000 100.0000 100.0000 100.0000 100.0000 100.0000 100.0000 100.0000 -0.0318 -0.0336 -0.0351 -0.0374 -0.0411 -0.0478 -0.0579 -0.0733 -0.0966 -0.1317 -0.1844 -0.2595 -0.3464 -0.4262 -0.4678 -0.4449 -0.3746 -0.2859 -0.2055 -0.1460 -0.1063 -0.0796 -0.0620 -0.0503 -0.0434 -0.0384 -0.0357 -0.0340 -0.0321
100.0000 100.0000 100.0000 100.0000 100.0000 100.0000 100.0000 100.0000 100.0000 100.0000 100.0000 100.0000 100.0000 100.0000 100.0000 100.0000 100.0000 100.0000 100.0000 100.0000 100.0000 100.0000 100.0000 100.0000 100.0000 100.0000 100.0000 100.0000 100.0000 -0.0328 -0.0346 -0.0361 -0.0384 -0.0422 -0.0491 -0.0594 -0.0753 -0.0995 -0.1363 -0.1897 -0.2649 -0.3536 -0.4337 -0.4759 -0.4528 -0.3822 -0.2921 -0.2104 -0.1509 -0.1098 -0.0817 -0.0635 -0.0517 -0.0447 -0.0395 -0.0367 -0.0350 -0.0330
100.0000 100.0000 100.0000 100.0000 100.0000 100.0000 100.0000 100.0000 100.0000 100.0000 100.0000 100.0000 100.0000 100.0000 100.0000 100.0000 100.0000 100.0000 100.0000 100.0000 100.0000 100.0000 100.0000 100.0000 100.0000 100.0000 100.0000 100.0000 100.0000 -0.0326 -0.0344 -0.0359 -0.0383 -0.0421 -0.0489 -0.0593 -0.0751 -0.0992 -0.1360 -0.1894 -0.2648 -0.3538 -0.4338 -0.4761 -0.4530 -0.3822 -0.2921 -0.2103 -0.1507 -0.1097 -0.0815 -0.0634 -0.0515 -0.0445 -0.0393 -0.0365 -0.0348 -0.0329
100.0000 100.0000 100.0000 100.0000 100.0000 100.0000 100.0000 100.0000 100.0000 100.0000 100.0000 100.0000 100.0000 100.0000 100.0000 100.0000 100.0000 100.0000 100.0000 100.0000 100.0000 100.0000 100.0000 100.0000 100.0000 100.0000 100.0000 100.0000 100.0000 -0.0324 -0.0343 -0.0358 -0.0381 -0.0419 -0.0487 -0.0591 -0.0749 -0.0990 -0.1358 -0.1891 -0.2648 -0.3535 -0.4336 -0.4757 -0.4526 -0.3820 -0.2920 -0.2099 -0.1504 -0.1094 -0.0813 -0.0632 -0.0513 -0.0443 -0.0392 -0.0364 -0.0347 -0.0327
100.0000 100.0000 100.0000 100.0000 100.0000 100.0000 100.0000 100.0000 100.0000 100.0000 100.0000 100.0000 100.0000 100.0000 100.0000 100.0000 100.0000 100.0000 100.0000 100.0000 100.0000 100.0000 100.0000 100.0000 100.0000 100.0000 100.0000 100.0000 100.0000 -0.0323 -0.0341 -0.0355 -0.0379 -0.0417 -0.0486 -0.0589 -0.0747 -0.0988 -0.1354 -0.1885 -0.2644 -0.3529 -0.4331 -0.4752 -0.4521 -0.3816 -0.2919 -0.2095 -0.1501 -0.1091 -0.0812 -0.0630 -0.0512 -0.0442 -0.0389 -0.0362 -0.0345 -0.0326
100.0000 100.0000 100.0000 100.0000 100.0000 100.0000 100.0000 100.0000 100.0000 100.0000 100.0000 100.0000 100.0000 100.0000 100.0000 100.0000 100.0000 100.0000 100.0000 100.0000 100.0000 100.0000 100.0000 100.0000 100.0000 100.0000 100.0000 100.0000 100.0000 -0.0321 -0.0339 -0.0354 -0.0378 -0.0415 -0.0483 -0.0587 -0.0745 -0.0986 -0.1349 -0.1878 -0.2640 -0.3523 -0.4325 -0.4745 -0.4514 -0.3809 -0.2915 -0.2091 -0.1496 -0.1088 -0.0809 -0.0629 -0.0509 -0.0439 -0.0388 -0.0360 -0.0343 -0.0323
100.0000 100.0000 100.0000 100.0000 100.0000 100.0000 100.0000 100.0000 100.0000 100.0000 100.0000 100.0000 100.0000 100.0000 100.0000 100.0000 100.0000 100.0000 100.0000 100.0000 100.0000 100.0000 100.0000 100.0000 100.0000 100.0000 100.0000 100.0000 100.0000 -0.0319 -0.0336 -0.0351 -0.0375 -0.0413 -0.0482 -0.0584 -0.0743 -0.0983 -0.1345 -0.1873 -0.2639 -0.3514 -0.4316 -0.4737 -0.4505 -0.3801 -0.2906 -0.2083 -0.1491 -0.1084 -0.0807 -0.0626 -0.0508 -0.0437 -0.0385 -0.0358 -0.0340 -0.0322
100.0000 100.0000 100.0000 100.0000 100.0000 100.0000 100.0000 100.0000 100.0000 100.0000 100.0000 100.0000 100.0000 100.0000 100.0000 100.0000 100.0000 100.0000 100.0000 100.0000 100.0000 100.0000 100.0000 100.0000 100.0000 100.0000 100.0000 100.0000 100.0000 -0.0317 -0.0334 -0.0349 -0.0373 -0.0411 -0.0478 -0.0582 -0.0740 -0.0979 -0.1337 -0.1863 -0.2631 -0.3507 -0.4305 -0.4726 -0.4495 -0.3792 -0.2900 -0.2078 -0.1483 -0.1080 -0.0804 -0.0624 -0.0504 -0.0434 -0.0383 -0.0356 -0.0338 -0.0319
100.0000 100.0000 100.0000 100.0000 100.0000 100.0000 100.0000 100.0000 100.0000 100.0000 100.0000 100.0000 100.0000 100.0000 100.0000 100.0000 100.0000 100.0000 100.0000 100.0000 100.0000 100.0000 100.0000 100.0000 100.0000 100.0000 100.0000 100.0000 100.0000 -0.0315 -0.0331 -0.0346 -0.0370 -0.0408 -0.0476 -0.0578 -0.0736 -0.0974 -0.1331 -0.1856 -0.2625 -0.3494 -0.4291 -0.4711 -0.4481 -0.3780 -0.2890 -0.2068 -0.1476 -0.1073 -0.0800 -0.0620 -0.0502 -0.0432 -0.0380 -0.0353 -0.0335 -0.0317
100.0000 100.0000 100.0000 100.0000 100.0000 100.0000 100.0000 100.0000 100.0000 100.0000 100.0000 100.0000 100.0000 100.0000 100.0000 100.0000 100.0000 100.0000 100.0000 100.0000 100.0000 100.0000 100.0000 100.0000 100.0000 100.0000 100.0000 100.0000 100.0000 -0.0326 -0.0344 -0.0359 -0.0383 -0.0421 -0.0491 -0.0596 -0.0757 -0.1001 -0.1370 -0.1912 -0.2673 -0.3565 -0.4365 -0.4788 -0.4556 -0.3853 -0.2946 -0.2126 -0.1518 -0.1105 -0.0822 -0.0638 -0.0517 -0.0447 -0.0393 -0.0366 -0.0348 -0.0329
100.0000 100.0000 100.0000 100.0000 100.0000 100.0000 100.0000 100.0000 100.0000 100.0000 100.0000 100.0000 100.0000 100.0000 100.0000 100.0000 100.0000 100.0000 100.0000 100.0000 100.0000 100.0000 100.0000 100.0000 100.0000 100.0000 100.0000 100.0000 100.0000 -0.0324 -0.0343 -0.0358 -0.0381 -0.0420 -0.0489 -0.0595 -0.0755 -0.0999 -0.1369 -0.1911 -0.2671 -0.3565 -0.4363 -0.4789 -0.4557 -0.3855 -0.2945 -0.2123 -0.1517 -0.1103 -0.0820 -0.0636 -0.0515 -0.0445 -0.0392 -0.0364 -0.0347 -0.0326
100.0000 100.0000 100.0000 100.0000 100.0000 100.0000 100.0000 100.0000 100.0000 100.0000 100.0000 100.0000 100.0000 100.0000 100.0000 100.0000 100.0000 100.0000 100.0000 100.0000 100.0000 100.0000 100.0000 100.0000 100.0000 100.0000 100.0000 100.0000 100.0000 -0.0322 -0.0340 -0.0355 -0.0379 -0.0417 -0.0487 -0.0592 -0.0753 -0.0997 -0.1366 -0.1907 -0.2669 -0.3565 -0.4362 -0.4786 -0.4554 -0.3851 -0.2945 -0.2120 -0.1514 -0.1101 -0.0818 -0.0634 -0.0514 -0.0443 -0.0389 -0.0362 -0.0344 -0.0324
100.0000 100.0000 100.0000 100.0000 100.0000 100.0000 100.0000 100.0000 100.0000 100.0000 100.0000 100.0000 100.0000 100.0000 100.0000 100.0000 100.0000 100.0000 100.0000 100.0000 100.0000 100.0000 100.0000 100.0000 100.0000 100.0000 100.0000 100.0000 100.0000 -0.0319 -0.0338 -0.0353 -0.0377 -0.0415 -0.0485 -0.0590 -0.0750 -0.0995 -0.1363 -0.1902 -0.2665 -0.3559 -0.4358 -0.4781 -0.4549 -0.3846 -0.2940 -0.2114 -0.1511 -0.1098 -0.0816 -0.0632 -0.0511 -0.0440 -0.0387 -0.0360 -0.0342 -0.0322
100.0000 100.0000 100.0000 100.0000 100.0000 100.0000 100.0000 100.0000 100.0000 100.0000 100.0000 100.0000 100.0000 100.0000 100.0000 100.0000 100.0000 100.0000 100.0000 100.0000 100.0000 100.0000 100.0000 100.0000 100.0000 100.0000 100.0000 100.0000 100.0000 -0.0317 -0.0335 -0.0350 -0.0374 -0.0412 -0.0483 -0.0587 -0.0748 -0.0992 -0.1360 -0.1895 -0.2663 -0.3552 -0.4351 -0.4775 -0.4542 -0.3839 -0.2937 -0.2106 -0.1508 -0.1095 -0.0814 -0.0629 -0.0509 -0.0438 -0.0385 -0.0357 -0.0339 -0.0320
100.0000 100.0000 100.0000 100.0000 100.0000 100.0000 100.0000 100.0000 100.0000 100.0000 100.0000 100.0000 100.0000 100.0000 100.0000 100.0000 100.0000 100.0000 100.0000 100.0000 100.0000 100.0000 100.0000 100.0000 100.0000 100.0000 100.0000 100.0000 100.0000 -0.0315 -0.0333 -0.0348 -0.0372 -0.0410 -0.0479 -0.0585 -0.0745 -0.0989 -0.1355 -0.1886 -0.2661 -0.3545 -0.4342 -0.4764 -0.4532 -0.3829 -0.2934 -0.2100 -0.1503 -0.1092 -0.0810 -0.0627 -0.0506 -0.0435 -0.0382 -0.0355 -0.0337 -0.0317
100.0000 100.0000 100.0000 100.0000 100.0000 100.0000 100.0000 100.0000 100.0000 100.0000 100.0000 100.0000 100.0000 100.0000 100.0000 100.0000 100.0000 100.0000 100.0000 100.0000 100.0000 100.0000 100.0000 100.0000 100.0000 100.0000 100.0000 100.0000 100.0000 -0.0313 -0.0330 -0.0345 -0.0369 -0.0407 -0.0477 -0.0581 -0.0742 -0.0984 -0.1350 -0.1878 -0.2655 -0.3532 -0.4329 -0.4753 -0.4521 -0.3823 -0.2927 -0.2090 -0.1498 -0.1088 -0.0807 -0.0623 -0.0503 -0.0432 -0.0379 -0.0352 -0.0334 -0.0315
100.0000 100.0000 100.0000 100.0000 100.0000 100.0000 100.0000 100.0000 100.0000 100.0000 100.0000 100.0000 100.0000 100.0000 100.0000 100.0000 100.0000 100.0000 100.0000 100.0000 100.0000 100.0000 100.0000 100.0000 100.0000 100.0000 100.0000 100.0000 100.0000 -0.0310 -0.0328 -0.0343 -0.0367 -0.0405 -0.0473 -0.0578 -0.0737 -0.0980 -0.1343 -0.1868 -0.2647 -0.3522 -0.4317 -0.4737 -0.4506 -0.3808 -0.2919 -0.2082 -0.1491 -0.1082 -0.0802 -0.0619 -0.0499 -0.0428 -0.0377 -0.0349 -0.0332 -0.0313
100.0000 100.0000 100.0000 100.0000 100.0000 100.0000 100.0000 100.0000 100.0000 100.0000 100.0000 100.0000 100.0000 100.0000 100.0000 100.0000 100.0000 100.0000 100.0000 100.0000 100.0000 100.0000 100.0000 100.0000 100.0000 100.0000 100.0000 100.0000 100.0000 -0.0323 -0.0342 -0.0357 -0.0381 -0.0420 -0.0490 -0.0598 -0.0760 -0.1007 -0.1380 -0.1925 -0.2694 -0.3588 -0.4385 -0.4811 -0.4578 -0.3880 -0.2969 -0.2142 -0.1529 -0.1113 -0.0826 -0.0640 -0.0517 -0.0445 -0.0392 -0.0364 -0.0346 -0.0326
100.0000 100.0000 100.0000 100.0000 100.0000 100.0000 100.0000 100.0000 100.0000 100.0000 100.0000 100.0000 100.0000 100.0000 100.0000 100.0000 100.0000 100.0000 100.0000 100.0000 100.0000 100.0000 100.0000 100.0000 100.0000 100.0000 100.0000 100.0000 100.0000 -0.0321 -0.0340 -0.0355 -0.0379 -0.0417 -0.0488 -0.0595 -0.0758 -0.1005 -0.1378 -0.1923 -0.2692 -0.3589 -0.4386 -0.4810 -0.4577 -0.3880 -0.2967 -0.2140 -0.1527 -0.1111 -0.0825 -0.0637 -0.0515 -0.0443 -0.0389 -0.0361 -0.0344 -0.0323
100.0000 100.0000 100.0000 100.0000 100.0000 100.0000 100.0000 100.0000 100.0000 100.0000 100.0000 100.0000 100.0000 100.0000 100.0000 100.0000 100.0000 100.0000 100.0000 100.0000 100.0000 100.0000 100.0000 100.0000 100.0000 100.0000 100.0000 100.0000 100.0000 -0.0318 -0.0337 -0.0352 -0.0376 -0.0415 -0.0486 -0.0593 -0.0756 -0.1003 -0.1375 -0.1920 -0.2689 -0.3588 -0.4384 -0.4808 -0.4575 -0.3880 -0.2965 -0.2137 -0.1525 -0.1108 -0.0822 -0.0635 -0.0512 -0.0441 -0.0387 -0.0359 -0.0341 -0.0321
100.0000 100.0000 100.0000 100.0000 100.0000 100.0000 100.0000 100.0000 100.0000 100.0000 100.0000 100.0000 100.0000 100.0000 100.0000 100.0000 100.0000 100.0000 100.0000 100.0000 100.0000 100.0000 100.0000 100.0000 100.0000 100.0000 100.0000 100.0000 100.0000 -0.0316 -0.0334 -0.0350 -0.0374 -0.0412 -0.0483 -0.0590 -0.0753 -0.1000 -0.1372 -0.1915 -0.2687 -0.3586 -0.4380 -0.4804 -0.4570 -0.3874 -0.2962 -0.2131 -0.1522 -0.1106 -0.0820 -0.0632 -0.0510 -0.0438 -0.0384 -0.0356 -0.0339 -0.0318
100.0000 100.0000 100.0000 100.0000 100.0000 100.0000 100.0000 100.0000 100.0000 100.0000 100.0000 100.0000 100.0000 100.0000 100.0000 100.0000 100.0000 100.0000 100.0000 100.0000 100.0000 100.0000 100.0000 100.0000 100.0000 100.0000 100.0000 100.0000 100.0000 -0.0313 -0.0332 -0.0347 -0.0371 -0.0409 -0.0480 -0.0587 -0.0750 -0.0997 -0.1369 -0.1910 -0.2684 -0.3580 -0.4371 -0.4797 -0.4563 -0.3867 -0.2959 -0.2124 -0.1519 -0.1102 -0.0816 -0.0629 -0.0506 -0.0435 -0.0381 -0.0354 -0.0336 -0.0316
100.0000 100.0000 100.0000 100.0000 100.0000 100.0000 100.0000 100.0000 100.0000 100.0000 100.0000 100.0000 100.0000 100.0000 100.0000 100.0000 100.0000 100.0000 100.0000 100.0000 100.0000 100.0000 100.0000 100.0000 100.0000 100.0000 100.0000 100.0000 100.0000 -0.0311 -0.0329 -0.0344 -0.0368 -0.0406 -0.0477 -0.0583 -0.0747 -0.0993 -0.1365 -0.1901 -0.2678 -0.3571 -0.4362 -0.4787 -0.4554 -0.3859 -0.2956 -0.2115 -0.1514 -0.1099 -0.0813 -0.0626 -0.0504 -0.0432 -0.0378 -0.0351 -0.0333 -0.0314
100.0000 100.0000 100.0000 100.0000 100.0000 100.0000 100.0000 100.0000 100.0000 100.0000 100.0000 100.0000 100.0000 100.0000 100.0000 100.0000 100.0000 100.0000 100.0000 100.0000 100.0000 100.0000 100.0000 100.0000 100.0000 100.0000 100.0000 100.0000 100.0000 -0.0308 -0.0326 -0.0342 -0.0365 -0.0404 -0.0473 -0.0580 -0.0742 -0.0989 -0.1360 -0.1894 -0.2671 -0.3559 -0.4351 -0.4774 -0.4541 -0.3845 -0.2949 -0.2106 -0.1509 -0.1093 -0.0808 -0.0622 -0.0500 -0.0428 -0.0376 -0.0348 -0.0331 -0.0311
100.0000 100.0000 100.0000 100.0000 100.0000 100.0000 100.0000 100.0000 100.0000 100.0000 100.0000 100.0000 100.0000 100.0000 100.0000 100.0000 100.0000 100.0000 100.0000 100.0000 100.0000 100.0000 100.0000 100.0000 100.0000 100.0000 100.0000 100.0000 100.0000 -0.0306 -0.0323 -0.0338 -0.0362 -0.0400 -0.0470 -0.0575 -0.0738 -0.0983 -0.1353 -0.1884 -0.2661 -0.3547 -0.4336 -0.4761 -0.4528 -0.3834 -0.2940 -0.2096 -0.1503 -0.1088 -0.0804 -0.0617 -0.0497 -0.0425 -0.0372 -0.0345 -0.0327 -0.0309
100.0000 100.0000 100.0000 100.0000 100.0000 100.0000 100.0000 100.0000 100.0000 100.0000 100.0000 100.0000 100.0000 100.0000 100.0000 100.0000 100.0000 100.0000 100.0000 100.0000 100.0000 100.0000 100.0000 100.0000 100.0000 100.0000 100.0000 100.0000 100.0000 -0.0321 -0.0340 -0.0355 -0.0379 -0.0417 -0.0489 -0.0597 -0.0763 -0.1013 -0.1389 -0.1936 -0.2712 -0.3608 -0.4402 -0.4826 -0.4593 -0.3901 -0.2989 -0.2155 -0.1541 -0.1120 -0.0829 -0.0640 -0.0516 -0.0444 -0.0389 -0.0361 -0.0344 -0.0323
100.0000 100.0000 100.0000 100.0000 100.0000 100.0000 100.0000 100.0000 100.0000 100.0000 100.0000 100.0000 100.0000 100.0000 100.0000 100.0000 100.0000 100.0000 100.0000 100.0000 100.0000 100.0000 100.0000 100.0000 100.0000 100.0000 100.0000 100.0000 100.0000 -0.0318 -0.0337 -0.0352 -0.0376 -0.0415 -0.0486 -0.0595 -0.0760 -0.1011 -0.1387 -0.1934 -0.2711 -0.3609 -0.4402 -0.4828 -0.4594 -0.3901 -0.2987 -0.2154 -0.1539 -0.1118 -0.0827 -0.0638 -0.0513 -0.0441 -0.0386 -0.0359 -0.0341 -0.0320
100.0000 100.0000 100.0000 100.0000 100.0000 100.0000 100.0000 100.0000 100.0000 100.0000 100.0000 100.0000 100.0000 100.0000 100.0000 100.0000 100.0000 100.0000 100.0000 100.0000 100.0000 100.0000 100.0000 100.0000 100.0000 100.0000 100.0000 100.0000 100.0000 -0.0315 -0.0334 -0.0349 -0.0373 -0.0412 -0.0483 -0.0592 -0.0758 -0.1008 -0.1385 -0.1931 -0.2708 -0.3607 -0.4402 -0.4827 -0.4593 -0.3901 -0.2985 -0.2150 -0.1536 -0.1115 -0.0825 -0.0635 -0.0510 -0.0438 -0.0383 -0.0355 -0.0338 -0.0318
100.0000 100.0000 100.0000 100.0000 100.0000 100.0000 100.0000 100.0000 100.0000 100.0000 100.0000 100.0000 100.0000 100.0000 100.0000 100.0000 100.0000 100.0000 100.0000 100.0000 100.0000 100.0000 100.0000 100.0000 100.0000 100.0000 100.0000 100.0000 100.0000 -0.0312 -0.0331 -0.0346 -0.0370 -0.0409 -0.0480 -0.0589 -0.0754 -0.1005 -0.1382 -0.1928 -0.2705 -0.3605 -0.4397 -0.4822 -0.4588 -0.3898 -0.2983 -0.2145 -0.1534 -0.1112 -0.0821 -0.0632 -0.0507 -0.0435 -0.0381 -0.0353 -0.0335 -0.0315
100.0000 100.0000 100.0000 100.0000 100.0000 100.0000 100.0000 100.0000 100.0000 100.0000 100.0000 100.0000 100.0000 100.0000 100.0000 100.0000 100.0000 100.0000 100.0000 100.0000 100.0000 100.0000 100.0000 100.0000 100.0000 100.0000 100.0000 100.0000 100.0000 -0.0309 -0.0328 -0.0343 -0.0367 -0.0406 -0.0477 -0.0585 -0.0751 -0.1001 -0.1378 -0.1922 -0.2699 -0.3601 -0.4389 -0.4814 -0.4580 -0.3892 -0.2979 -0.2139 -0.1530 -0.1109 -0.0818 -0.0628 -0.0504 -0.0432 -0.0378 -0.0350 -0.0332 -0.0312
100.0000 100.0000 100.0000 100.0000 100.0000 100.0000 100.0000 100.0000 100.0000 100.0000 100.0000 100.0000 100.0000 100.0000 100.0000 100.0000 100.0000 100.0000 100.0000 100.0000 100.0000 100.0000 100.0000 100.0000 100.0000 100.0000 100.0000 100.0000 100.0000 -0.0307 -0.0325 -0.0340 -0.0364 -0.0403 -0.0474 -0.0582 -0.0746 -0.0997 -0.1374 -0.1916 -0.2690 -0.3592 -0.4379 -0.4804 -0.4570 -0.3883 -0.2972 -0.2131 -0.1526 -0.1104 -0.0813 -0.0625 -0.0500 -0.0429 -0.0375 -0.0347 -0.0329 -0.0309
100.0000 100.0000 100.0000 100.0000 100.0000 100.0000 100.0000 100.0000 100.0000 100.0000 100.0000 100.0000 100.0000 100.0000 100.0000 100.0000 100.0000 100.0000 100.0000 100.0000 100.0000 100.0000 100.0000 100.0000 100.0000 100.0000 100.0000 100.0000 100.0000 -0.0304 -0.0322 -0.0337 -0.0361 -0.0400 -0.0470 -0.0578 -0.0742 -0.0992 -0.1368 -0.1908 -0.2682 -0.3584 -0.4366 -0.4791 -0.4558 -0.3870 -0.2963 -0.2123 -0.1519 -0.1099 -0.0809 -0.0620 -0.0497 -0.0425 -0.0372 -0.0344 -0.0326 -0.0307
100.0000 100.0000 100.0000 100.0000 100.0000 100.0000 100.0000 100.0000 100.0000 100.0000 100.0000 100.0000 100.0000 100.0000 100.0000 100.0000 100.0000 100.0000 100.0000 100.0000 100.0000 100.0000 100.0000 100.0000 100.0000 100.0000 100.0000 100.0000 100.0000 -0.0301 -0.0319 -0.0334 -0.0358 -0.0397 -0.0467 -0.0574 -0.0737 -0.0987 -0.1362 -0.1900 -0.2670 -0.3574 -0.4350 -0.4776 -0.4543 -0.3858 -0.2953 -0.2112 -0.1513 -0.1092 -0.0804 -0.0616 -0.0493 -0.0421 -0.0369 -0.0341 -0.0323 -0.0304
