100.0000 100.0000 100.0000 100.0000 100.0000 100.0000 100.0000 100.0000 100.0000 100.0000 100.0000 100.0000 100.0000 100.0000 100.0000 99.9999 99.9999 99.9999 99.9999 99.9999 99.9999 99.9999 99.9999 99.9999 99.9999 99.9999 99.9999 99.9999 99.9999 -0.0033 -0.0061 -0.0106 -0.0177 -0.0287 -0.0459 -0.0726 -0.1149 -0.1808 -0.2806 -0.4259 -0.6186 -0.8573 -1.0835 -1.1991 -1.1361 -0.9334 -0.6899 -0.4771 -0.3204 -0.2076 -0.1324 -0.0839 -0.0530 -0.0333 -0.0206 -0.0125 -0.0073 -0.0041
100.0000 100.0000 100.0000 100.0000 100.0000 100.0000 100.0000 100.0000 100.0000 100.0000 100.0000 100.0000 100.0000 100.0000 100.0000 99.9999 99.9999 99.9999 99.9999 99.9999 99.9999 99.9999 99.9999 99.9999 99.9999 99.9999 99.9999 99.9999 99.9999 -0.0050 -0.0078 -0.0123 -0.0193 -0.0302 -0.0474 -0.0745 -0.1171 -0.1835 -0.2836 -0.4297 -0.6230 -0.8632 -1.0903 -1.2067 -1.1431 -0.9394 -0.6948 -0.4808 -0.3235 -0.2104 -0.1348 -0.0858 -0.0546 -0.0348 -0.0222 -0.0141 -0.0090 -0.0058
100.0000 100.0000 100.0000 100.0000 100.0000 100.0000 100.0000 100.0000 100.0000 100.0000 100.0000 100.0000 100.0000 100.0000 100.0000 99.9999 99.9999 99.9999 99.9999 99.9999 99.9999 99.9999 99.9999 99.9999 99.9999 99.9999 99.9999 99.9999 99.9999 -0.0068 -0.0097 -0.0142 -0.0211 -0.0319 -0.0491 -0.0764 -0.1194 -0.1860 -0.2862 -0.4330 -0.6266 -0.8678 -1.0960 -1.2129 -1.1491 -0.9445 -0.6986 -0.4837 -0.3263 -0.2130 -0.1372 -0.0877 -0.0563 -0.0365 -0.0240 -0.0159 -0.0109 -0.0076
100.0000 100.0000 100.0000 100.0000 100.0000 100.0000 100.0000 100.0000 100.0000 100.0000 100.0000 100.0000 100.0000 100.0000 100.0000 99.9999 99.9999 99.9999 99.9999 99.9999 99.9999 99.9999 99.9999 99.9999 99.9999 99.9999 99.9999 99.9999 99.9999 -0.0087 -0.0115 -0.0160 -0.0230 -0.0338 -0.0512 -0.0785 -0.1216 -0.1881 -0.2888 -0.4359 -0.6291 -0.8712 -1.1002 -1.2172 -1.1533 -0.9483 -0.7014 -0.4862 -0.3289 -0.2151 -0.1393 -0.0899 -0.0584 -0.0384 -0.0259 -0.0178 -0.0127 -0.0094
100.0000 100.0000 100.0000 100.0000 100.0000 100.0000 100.0000 100.0000 100.0000 100.0000 100.0000 100.0000 100.0000 100.0000 100.0000 99.9999 99.9999 99.9999 99.9999 99.9999 99.9999 99.9999 99.9999 99.9999 99.9999 99.9999 99.9999 99.9999 99.9999 -0.0105 -0.0133 -0.0178 -0.0249 -0.0361 -0.0534 -0.0808 -0.1235 -0.1900 -0.2911 -0.4381 -0.6311 -0.8731 -1.1019 -1.2190 -1.1551 -0.9501 -0.7034 -0.4882 -0.3312 -0.2170 -0.1411 -0.0922 -0.0607 -0.0407 -0.0278 -0.0197 -0.0145 -0.0112
100.0000 100.0000 100.0000 100.0000 100.0000 100.0000 100.0000 100.0000 100.0000 100.0000 100.0000 100.0000 100.0000 100.0000 100.0000 99.9999 99.9999 99.9999 99.9999 99.9999 99.9999 99.9999 99.9999 99.9999 99.9999 99.9999 99.9999 99.9999 99.9999 -0.0125 -0.0153 -0.0197 -0.0271 -0.0383 -0.0557 -0.0828 -0.1255 -0.1920 -0.2926 -0.4396 -0.6324 -0.8733 -1.1014 -1.2182 -1.1545 -0.9499 -0.7044 -0.4896 -0.3327 -0.2189 -0.1431 -0.0942 -0.0630 -0.0429 -0.0300 -0.0219 -0.0165 -0.0132
100.0000 100.0000 100.0000 100.0000 100.0000 100.0000 100.0000 100.0000 100.0000 100.0000 100.0000 100.0000 100.0000 100.0000 100.0000 99.9999 99.9999 99.9999 99.9999 99.9999 99.9999 99.9999 99.9999 99.9999 99.9999 99.9999 99.9999 99.9999 99.9999 -0.0151 -0.0179 -0.0224 -0.0294 -0.0403 -0.0575 -0.0849 -0.1275 -0.1935 -0.2939 -0.4405 -0.6325 -0.8723 -1.0992 -1.2156 -1.1520 -0.9483 -0.7041 -0.4903 -0.3338 -0.2203 -0.1451 -0.0962 -0.0648 -0.0449 -0.0323 -0.0242 -0.0191 -0.0159
100.0000 100.0000 100.0000 100.0000 100.0000 100.0000 100.0000 100.0000 100.0000 100.0000 100.0000 100.0000 100.0000 100.0000 100.0000 99.9999 99.9999 99.9999 99.9999 99.9999 99.9999 99.9999 99.9999 99.9999 99.9999 99.9999 99.9999 99.9999 99.9999 -0.0178 -0.0205 -0.0250 -0.0316 -0.0424 -0.0597 -0.0867 -0.1293 -0.1951 -0.2946 -0.4404 -0.6314 -0.8699 -1.0958 -1.2113 -1.1485 -0.9458 -0.7026 -0.4902 -0.3342 -0.2218 -0.1469 -0.0980 -0.0669 -0.0469 -0.0345 -0.0265 -0.0217 -0.0185
100.0000 100.0000 100.0000 100.0000 100.0000 100.0000 100.0000 100.0000 100.0000 100.0000 100.0000 100.0000 100.0000 100.0000 100.0000 99.9999 99.9999 99.9999 99.9999 99.9999 99.9999 99.9999 99.9999 99.9999 99.9999 99.9999 99.9999 99.9999 99.9999 -0.0070 -0.0098 -0.0143 -0.0217 -0.0331 -0.0505 -0.0778 -0.1204 -0.1867 -0.2876 -0.4346 -0.6296 -0.8712 -1.0999 -1.2173 -1.1536 -0.9485 -0.7023 -0.4870 -0.3280 -0.2139 -0.1381 -0.0893 -0.0579 -0.0377 -0.0247 -0.0165 -0.0110 -0.0077
100.0000 100.0000 100.0000 100.0000 100.0000 100.0000 100.0000 100.0000 100.0000 100.0000 100.0000 100.0000 100.0000 100.0000 100.0000 99.9999 99.9999 99.9999 99.9999 99.9999 99.9999 99.9999 99.9999 99.9999 99.9999 99.9999 99.9999 99.9999 99.9999 -0.0086 -0.0114 -0.0160 -0.0232 -0.0344 -0.0519 -0.0793 -0.1224 -0.1891 -0.2904 -0.4380 -0.6338 -0.8767 -1.1065 -1.2243 -1.1604 -0.9543 -0.7069 -0.4902 -0.3310 -0.2165 -0.1402 -0.0908 -0.0592 -0.0391 -0.0262 -0.0180 -0.0126 -0.0093
100.0000 100.0000 100.0000 100.0000 100.0000 100.0000 100.0000 100.0000 100.0000 100.0000 100.0000 100.0000 100.0000 100.0000 100.0000 99.9999 99.9999 99.9999 99.9999 99.9999 99.9999 99.9999 99.9999 99.9999 99.9999 99.9999 99.9999 99.9999 99.9999 -0.0102 -0.0131 -0.0176 -0.0249 -0.0360 -0.0534 -0.0809 -0.1242 -0.1915 -0.2928 -0.4412 -0.6370 -0.8810 -1.1118 -1.2303 -1.1659 -0.9590 -0.7104 -0.4930 -0.3335 -0.2190 -0.1424 -0.0924 -0.0608 -0.0407 -0.0279 -0.0196 -0.0143 -0.0110
100.0000 100.0000 100.0000 100.0000 100.0000 100.0000 100.0000 100.0000 100.0000 100.0000 100.0000 100.0000 100.0000 100.0000 100.0000 99.9999 99.9999 99.9999 99.9999 99.9999 99.9999 99.9999 99.9999 99.9999 99.9999 99.9999 99.9999 99.9999 99.9999 -0.0118 -0.0147 -0.0192 -0.0265 -0.0376 -0.0551 -0.0828 -0.1262 -0.1934 -0.2950 -0.4437 -0.6393 -0.8840 -1.1157 -1.2344 -1.1699 -0.9626 -0.7128 -0.4953 -0.3358 -0.2209 -0.1443 -0.0944 -0.0625 -0.0424 -0.0295 -0.0212 -0.0159 -0.0126
100.0000 100.0000 100.0000 100.0000 100.0000 100.0000 100.0000 100.0000 100.0000 100.0000 100.0000 100.0000 100.0000 100.0000 100.0000 99.9999 99.9999 99.9999 99.9999 99.9999 99.9999 99.9999 99.9999 99.9999 99.9999 99.9999 99.9999 99.9999 99.9999 -0.0133 -0.0162 -0.0207 -0.0280 -0.0394 -0.0572 -0.0849 -0.1281 -0.1950 -0.2970 -0.4456 -0.6410 -0.8857 -1.1174 -1.2359 -1.1715 -0.9642 -0.7146 -0.4970 -0.3378 -0.2225 -0.1459 -0.0965 -0.0646 -0.0441 -0.0310 -0.0228 -0.0174 -0.0141
100.0000 100.0000 100.0000 100.0000 100.0000 100.0000 100.0000 100.0000 100.0000 100.0000 100.0000 100.0000 100.0000 100.0000 100.0000 99.9999 99.9999 99.9999 99.9999 99.9999 99.9999 99.9999 99.9999 99.9999 99.9999 99.9999 99.9999 99.9999 99.9999 -0.0153 -0.0181 -0.0227 -0.0298 -0.0414 -0.0592 -0.0868 -0.1298 -0.1966 -0.2983 -0.4471 -0.6422 -0.8860 -1.1166 -1.2349 -1.1706 -0.9638 -0.7155 -0.4981 -0.3391 -0.2240 -0.1477 -0.0984 -0.0666 -0.0461 -0.0327 -0.0245 -0.0193 -0.0160
100.0000 100.0000 100.0000 100.0000 100.0000 100.0000 100.0000 100.0000 100.0000 100.0000 100.0000 100.0000 100.0000 100.0000 100.0000 99.9999 99.9999 99.9999 99.9999 99.9999 99.9999 99.9999 99.9999 99.9999 99.9999 99.9999 99.9999 99.9999 99.9999 -0.0175 -0.0204 -0.0249 -0.0322 -0.0433 -0.0608 -0.0884 -0.1316 -0.1981 -0.2992 -0.4475 -0.6421 -0.8848 -1.1144 -1.2320 -1.1683 -0.9623 -0.7152 -0.4986 -0.3398 -0.2254 -0.1493 -0.0999 -0.0682 -0.0480 -0.0352 -0.0270 -0.0216 -0.0183
100.0000 100.0000 100.0000 100.0000 100.0000 100.0000 100.0000 100.0000 100.0000 100.0000 100.0000 100.0000 100.0000 100.0000 100.0000 99.9999 99.9999 99.9999 99.9999 99.9999 99.9999 99.9999 99.9999 99.9999 99.9999 99.9999 99.9999 99.9999 99.9999 -0.0202 -0.0231 -0.0276 -0.0344 -0.0452 -0.0625 -0.0901 -0.1330 -0.1994 -0.2998 -0.4472 -0.6409 -0.8823 -1.1108 -1.2279 -1.1644 -0.9594 -0.7134 -0.4984 -0.3403 -0.2266 -0.1508 -0.1016 -0.0699 -0.0499 -0.0373 -0.0292 -0.0243 -0.0210
100.0000 100.0000 100.0000 100.0000 100.0000 100.0000 100.0000 100.0000 100.0000 100.0000 100.0000 100.0000 100.0000 100.0000 100.0000 99.9999 99.9999 99.9999 99.9999 99.9999 99.9999 99.9999 99.9999 99.9999 99.9999 99.9999 99.9999 99.9999 99.9999 -0.0103 -0.0132 -0.0177 -0.0252 -0.0369 -0.0548 -0.0825 -0.1255 -0.1919 -0.2933 -0.4418 -0.6386 -0.8823 -1.1132 -1.2316 -1.1677 -0.9609 -0.7124 -0.4949 -0.3344 -0.2196 -0.1433 -0.0941 -0.0623 -0.0416 -0.0283 -0.0200 -0.0144 -0.0111
100.0000 100.0000 100.0000 100.0000 100.0000 100.0000 100.0000 100.0000 100.0000 100.0000 100.0000 100.0000 100.0000 100.0000 100.0000 99.9999 99.9999 99.9999 99.9999 99.9999 99.9999 99.9999 99.9999 99.9999 99.9999 99.9999 99.9999 99.9999 99.9999 -0.0118 -0.0147 -0.0192 -0.0268 -0.0382 -0.0560 -0.0837 -0.1271 -0.1941 -0.2962 -0.4449 -0.6424 -0.8875 -1.1194 -1.2384 -1.1742 -0.9663 -0.7167 -0.4980 -0.3374 -0.2219 -0.1451 -0.0954 -0.0635 -0.0430 -0.0298 -0.0215 -0.0159 -0.0125
100.0000 100.0000 100.0000 100.0000 100.0000 100.0000 100.0000 100.0000 100.0000 100.0000 100.0000 100.0000 100.0000 100.0000 100.0000 99.9999 99.9999 99.9999 99.9999 99.9999 99.9999 99.9999 99.9999 99.9999 99.9999 99.9999 99.9999 99.9999 99.9999 -0.0133 -0.0162 -0.0208 -0.0282 -0.0397 -0.0574 -0.0851 -0.1286 -0.1964 -0.2984 -0.4477 -0.6454 -0.8914 -1.1243 -1.2439 -1.1792 -0.9707 -0.7199 -0.5005 -0.3398 -0.2242 -0.1470 -0.0968 -0.0649 -0.0445 -0.0313 -0.0229 -0.0174 -0.0141
100.0000 100.0000 100.0000 100.0000 100.0000 100.0000 100.0000 100.0000 100.0000 100.0000 100.0000 100.0000 100.0000 100.0000 100.0000 99.9999 99.9999 99.9999 99.9999 99.9999 99.9999 99.9999 99.9999 99.9999 99.9999 99.9999 99.9999 99.9999 99.9999 -0.0147 -0.0176 -0.0222 -0.0297 -0.0411 -0.0589 -0.0867 -0.1305 -0.1981 -0.3003 -0.4501 -0.6475 -0.8940 -1.1278 -1.2479 -1.1828 -0.9738 -0.7220 -0.5026 -0.3418 -0.2260 -0.1487 -0.0985 -0.0664 -0.0459 -0.0327 -0.0243 -0.0189 -0.0155
100.0000 100.0000 100.0000 100.0000 100.0000 100.0000 100.0000 100.0000 100.0000 100.0000 100.0000 100.0000 100.0000 100.0000 100.0000 99.9999 99.9999 99.9999 99.9999 99.9999 99.9999 99.9999 99.9999 99.9999 99.9999 99.9999 99.9999 99.9999 99.9999 -0.0163 -0.0192 -0.0238 -0.0309 -0.0425 -0.0605 -0.0887 -0.1322 -0.1994 -0.3020 -0.4517 -0.6490 -0.8955 -1.1292 -1.2492 -1.1842 -0.9752 -0.7235 -0.5041 -0.3434 -0.2273 -0.1503 -0.1004 -0.0680 -0.0473 -0.0340 -0.0256 -0.0204 -0.0171
100.0000 100.0000 100.0000 100.0000 100.0000 100.0000 100.0000 100.0000 100.0000 100.0000 100.0000 100.0000 100.0000 100.0000 100.0000 99.9999 99.9999 99.9999 99.9999 99.9999 99.9999 99.9999 99.9999 99.9999 99.9999 99.9999 99.9999 99.9999 99.9999 -0.0180 -0.0209 -0.0255 -0.0326 -0.0440 -0.0623 -0.0904 -0.1338 -0.2009 -0.3030 -0.4528 -0.6498 -0.8958 -1.1286 -1.2479 -1.1835 -0.9749 -0.7244 -0.5049 -0.3443 -0.2287 -0.1517 -0.1021 -0.0698 -0.0488 -0.0356 -0.0273 -0.0221 -0.0188
100.0000 100.0000 100.0000 100.0000 100.0000 100.0000 100.0000 100.0000 100.0000 100.0000 100.0000 100.0000 100.0000 100.0000 100.0000 99.9999 99.9999 99.9999 99.9999 99.9999 99.9999 99.9999 99.9999 99.9999 99.9999 99.9999 99.9999 99.9999 99.9999 -0.0199 -0.0228 -0.0274 -0.0346 -0.0461 -0.0637 -0.0916 -0.1351 -0.2021 -0.3038 -0.4531 -0.6497 -0.8947 -1.1263 -1.2449 -1.1810 -0.9732 -0.7239 -0.5053 -0.3450 -0.2298 -0.1533 -0.1033 -0.0712 -0.0509 -0.0376 -0.0293 -0.0240 -0.0207
100.0000 100.0000 100.0000 100.0000 100.0000 100.0000 100.0000 100.0000 100.0000 100.0000 100.0000 100.0000 100.0000 100.0000 100.0000 99.9999 99.9999 99.9999 99.9999 99.9999 99.9999 99.9999 99.9999 99.9999 99.9999 99.9999 99.9999 99.9999 99.9999 -0.0223 -0.0252 -0.0297 -0.0369 -0.0479 -0.0654 -0.0929 -0.1363 -0.2031 -0.3042 -0.4525 -0.6484 -0.8918 -1.1225 -1.2406 -1.1770 -0.9703 -0.7221 -0.5049 -0.3452 -0.2308 -0.1543 -0.1045 -0.0728 -0.0527 -0.0399 -0.0317 -0.0264 -0.0231
100.0000 100.0000 100.0000 100.0000 100.0000 100.0000 100.0000 100.0000 100.0000 100.0000 100.0000 100.0000 100.0000 100.0000 100.0000 99.9999 99.9999 99.9999 99.9999 99.9999 99.9999 99.9999 99.9999 99.9999 99.9999 99.9999 99.9999 99.9999 99.9999 -0.0136 -0.0165 -0.0210 -0.0285 -0.0402 -0.0584 -0.0866 -0.1300 -0.1966 -0.2983 -0.4476 -0.6455 -0.8909 -1.1234 -1.2428 -1.1786 -0.9706 -0.7204 -0.5014 -0.3398 -0.2245 -0.1480 -0.0985 -0.0660 -0.0450 -0.0316 -0.0232 -0.0177 -0.0144
100.0000 100.0000 100.0000 100.0000 100.0000 100.0000 100.0000 100.0000 100.0000 100.0000 100.0000 100.0000 100.0000 100.0000 100.0000 99.9999 99.9999 99.9999 99.9999 99.9999 99.9999 99.9999 99.9999 99.9999 99.9999 99.9999 99.9999 99.9999 99.9999 -0.0148 -0.0177 -0.0223 -0.0299 -0.0416 -0.0596 -0.0877 -0.1313 -0.1986 -0.3010 -0.4505 -0.6490 -0.8958 -1.1294 -1.2491 -1.1849 -0.9758 -0.7244 -0.5041 -0.3428 -0.2266 -0.1495 -0.0995 -0.0672 -0.0465 -0.0330 -0.0246 -0.0189 -0.0156
100.0000 100.0000 100.0000 100.0000 100.0000 100.0000 100.0000 100.0000 100.0000 100.0000 100.0000 100.0000 100.0000 100.0000 100.0000 99.9999 99.9999 99.9999 99.9999 99.9999 99.9999 99.9999 99.9999 99.9999 99.9999 99.9999 99.9999 99.9999 99.9999 -0.0161 -0.0190 -0.0236 -0.0313 -0.0429 -0.0609 -0.0889 -0.1326 -0.2005 -0.3031 -0.4531 -0.6517 -0.8994 -1.1337 -1.2543 -1.1894 -0.9796 -0.7273 -0.5065 -0.3450 -0.2286 -0.1510 -0.1008 -0.0686 -0.0478 -0.0344 -0.0260 -0.0202 -0.0169
100.0000 100.0000 100.0000 100.0000 100.0000 100.0000 100.0000 100.0000 100.0000 100.0000 100.0000 100.0000 100.0000 100.0000 100.0000 99.9999 99.9999 99.9999 99.9999 99.9999 99.9999 99.9999 99.9999 99.9999 99.9999 99.9999 99.9999 99.9999 99.9999 -0.0175 -0.0204 -0.0250 -0.0325 -0.0442 -0.0621 -0.0903 -0.1341 -0.2020 -0.3048 -0.4551 -0.6537 -0.9015 -1.1368 -1.2579 -1.1925 -0.9824 -0.7291 -0.5084 -0.3468 -0.2303 -0.1526 -0.1022 -0.0698 -0.0490 -0.0356 -0.0272 -0.0216 -0.0183
100.0000 100.0000 100.0000 100.0000 100.0000 100.0000 100.0000 100.0000 100.0000 100.0000 100.0000 100.0000 100.0000 100.0000 100.0000 99.9999 99.9999 99.9999 99.9999 99.9999 99.9999 99.9999 99.9999 99.9999 99.9999 99.9999 99.9999 99.9999 99.9999 -0.0190 -0.0219 -0.0265 -0.0338 -0.0452 -0.0634 -0.0917 -0.1359 -0.2033 -0.3061 -0.4565 -0.6549 -0.9028 -1.1380 -1.2590 -1.1937 -0.9836 -0.7305 -0.5096 -0.3481 -0.2315 -0.1541 -0.1037 -0.0710 -0.0501 -0.0369 -0.0285 -0.0231 -0.0198
100.0000 100.0000 100.0000 100.0000 100.0000 100.0000 100.0000 100.0000 100.0000 100.0000 100.0000 100.0000 100.0000 100.0000 100.0000 99.9999 99.9999 99.9999 99.9999 99.9999 99.9999 99.9999 99.9999 99.9999 99.9999 99.9999 99.9999 99.9999 99.9999 -0.0207 -0.0236 -0.0282 -0.0352 -0.0466 -0.0647 -0.0933 -0.1372 -0.2045 -0.3069 -0.4574 -0.6555 -0.9032 -1.1374 -1.2577 -1.1930 -0.9833 -0.7311 -0.5102 -0.3488 -0.2326 -0.1554 -0.1052 -0.0724 -0.0515 -0.0383 -0.0299 -0.0248 -0.0215
100.0000 100.0000 100.0000 100.0000 100.0000 100.0000 100.0000 100.0000 100.0000 100.0000 100.0000 100.0000 100.0000 100.0000 100.0000 99.9999 99.9999 99.9999 99.9999 99.9999 99.9999 99.9999 99.9999 99.9999 99.9999 99.9999 99.9999 99.9999 99.9999 -0.0223 -0.0251 -0.0297 -0.0369 -0.0484 -0.0665 -0.0944 -0.1381 -0.2057 -0.3075 -0.4572 -0.6552 -0.9019 -1.1352 -1.2546 -1.1907 -0.9817 -0.7306 -0.5103 -0.3492 -0.2338 -0.1565 -0.1062 -0.0741 -0.0533 -0.0400 -0.0316 -0.0264 -0.0230
100.0000 100.0000 100.0000 100.0000 100.0000 100.0000 100.0000 100.0000 100.0000 100.0000 100.0000 100.0000 100.0000 100.0000 100.0000 99.9999 99.9999 99.9999 99.9999 99.9999 99.9999 99.9999 99.9999 99.9999 99.9999 99.9999 99.9999 99.9999 99.9999 -0.0242 -0.0270 -0.0316 -0.0390 -0.0503 -0.0680 -0.0957 -0.1389 -0.2063 -0.3078 -0.4567 -0.6539 -0.8990 -1.1312 -1.2504 -1.1864 -0.9784 -0.7287 -0.5099 -0.3493 -0.2343 -0.1574 -0.1075 -0.0755 -0.0551 -0.0420 -0.0337 -0.0283 -0.0249
100.0000 100.0000 100.0000 100.0000 100.0000 100.0000 100.0000 100.0000 100.0000 100.0000 100.0000 100.0000 100.0000 100.0000 100.0000 99.9999 99.9999 99.9999 99.9999 99.9999 99.9999 99.9999 99.9999 99.9999 99.9999 99.9999 99.9999 99.9999 99.9999 -0.0167 -0.0195 -0.0241 -0.0316 -0.0433 -0.0615 -0.0900 -0.1339 -0.2007 -0.3024 -0.4520 -0.6506 -0.8972 -1.1308 -1.2509 -1.1866 -0.9778 -0.7264 -0.5062 -0.3444 -0.2289 -0.1521 -0.1019 -0.0692 -0.0482 -0.0347 -0.0263 -0.0208 -0.0174
100.0000 100.0000 100.0000 100.0000 100.0000 100.0000 100.0000 100.0000 100.0000 100.0000 100.0000 100.0000 100.0000 100.0000 100.0000 99.9999 99.9999 99.9999 99.9999 99.9999 99.9999 99.9999 99.9999 99.9999 99.9999 99.9999 99.9999 99.9999 99.9999 -0.0176 -0.0204 -0.0250 -0.0327 -0.0446 -0.0628 -0.0910 -0.1349 -0.2023 -0.3049 -0.4550 -0.6538 -0.9019 -1.1365 -1.2570 -1.1925 -0.9828 -0.7301 -0.5089 -0.3471 -0.2306 -0.1534 -0.1030 -0.0705 -0.0495 -0.0358 -0.0274 -0.0217 -0.0183
100.0000 100.0000 100.0000 100.0000 100.0000 100.0000 100.0000 100.0000 100.0000 100.0000 100.0000 100.0000 100.0000 100.0000 100.0000 99.9999 99.9999 99.9999 99.9999 99.9999 99.9999 99.9999 99.9999 99.9999 99.9999 99.9999 99.9999 99.9999 99.9999 -0.0187 -0.0216 -0.0262 -0.0339 -0.0458 -0.0641 -0.0923 -0.1360 -0.2039 -0.3070 -0.4573 -0.6563 -0.9050 -1.1405 -1.2616 -1.1967 -0.9863 -0.7327 -0.5110 -0.3493 -0.2323 -0.1545 -0.1043 -0.0718 -0.0507 -0.0370 -0.0286 -0.0228 -0.0195
100.0000 100.0000 100.0000 100.0000 100.0000 100.0000 100.0000 100.0000 100.0000 100.0000 100.0000 100.0000 100.0000 100.0000 100.0000 99.9999 99.9999 99.9999 99.9999 99.9999 99.9999 99.9999 99.9999 99.9999 99.9999 99.9999 99.9999 99.9999 99.9999 -0.0199 -0.0228 -0.0274 -0.0351 -0.0469 -0.0651 -0.0933 -0.1373 -0.2054 -0.3084 -0.4591 -0.6581 -0.9068 -1.1429 -1.2650 -1.1992 -0.9885 -0.7344 -0.5127 -0.3508 -0.2338 -0.1559 -0.1054 -0.0729 -0.0518 -0.0382 -0.0298 -0.0241 -0.0207
100.0000 100.0000 100.0000 100.0000 100.0000 100.0000 100.0000 100.0000 100.0000 100.0000 100.0000 100.0000 100.0000 100.0000 100.0000 99.9999 99.9999 99.9999 99.9999 99.9999 99.9999 99.9999 99.9999 99.9999 99.9999 99.9999 99.9999 99.9999 99.9999 -0.0216 -0.0245 -0.0291 -0.0363 -0.0479 -0.0660 -0.0945 -0.1387 -0.2066 -0.3094 -0.4603 -0.6592 -0.9079 -1.1440 -1.2659 -1.2002 -0.9895 -0.7354 -0.5137 -0.3517 -0.2351 -0.1574 -0.1065 -0.0737 -0.0528 -0.0395 -0.0310 -0.0258 -0.0224
100.0000 100.0000 100.0000 100.0000 100.0000 100.0000 100.0000 100.0000 100.0000 100.0000 100.0000 100.0000 100.0000 100.0000 100.0000 99.9999 99.9999 99.9999 99.9999 99.9999 99.9999 99.9999 99.9999 99.9999 99.9999 99.9999 99.9999 99.9999 99.9999 -0.0231 -0.0261 -0.0307 -0.0378 -0.0490 -0.0671 -0.0956 -0.1400 -0.2076 -0.3102 -0.4607 -0.6594 -0.9082 -1.1436 -1.2644 -1.1998 -0.9894 -0.7359 -0.5141 -0.3525 -0.2360 -0.1585 -0.1077 -0.0748 -0.0539 -0.0409 -0.0325 -0.0273 -0.0239
100.0000 100.0000 100.0000 100.0000 100.0000 100.0000 100.0000 100.0000 100.0000 100.0000 100.0000 100.0000 100.0000 100.0000 100.0000 99.9999 99.9999 99.9999 99.9999 99.9999 99.9999 99.9999 99.9999 99.9999 99.9999 99.9999 99.9999 99.9999 99.9999 -0.0245 -0.0274 -0.0320 -0.0391 -0.0506 -0.0687 -0.0969 -0.1407 -0.2084 -0.3106 -0.4605 -0.6589 -0.9069 -1.1413 -1.2615 -1.1974 -0.9876 -0.7352 -0.5140 -0.3527 -0.2368 -0.1593 -0.1089 -0.0763 -0.0555 -0.0422 -0.0338 -0.0287 -0.0253
100.0000 100.0000 100.0000 100.0000 100.0000 100.0000 100.0000 100.0000 100.0000 100.0000 100.0000 100.0000 100.0000 100.0000 100.0000 99.9999 99.9999 99.9999 99.9999 99.9999 99.9999 99.9999 99.9999 99.9999 99.9999 99.9999 99.9999 99.9999 99.9999 -0.0259 -0.0288 -0.0334 -0.0408 -0.0523 -0.0701 -0.0980 -0.1416 -0.2089 -0.3107 -0.4596 -0.6576 -0.9039 -1.1372 -1.2570 -1.1930 -0.9843 -0.7333 -0.5134 -0.3527 -0.2371 -0.1598 -0.1099 -0.0778 -0.0571 -0.0439 -0.0355 -0.0300 -0.0267
100.0000 100.0000 100.0000 100.0000 100.0000 100.0000 100.0000 100.0000 100.0000 100.0000 100.0000 100.0000 100.0000 100.0000 100.0000 99.9999 99.9999 99.9999 99.9999 99.9999 99.9999 99.9999 99.9999 99.9999 99.9999 99.9999 99.9999 99.9999 99.9999 -0.0196 -0.0225 -0.0270 -0.0344 -0.0461 -0.0644 -0.0928 -0.1368 -0.2041 -0.3058 -0.4553 -0.6541 -0.9014 -1.1356 -1.2561 -1.1918 -0.9827 -0.7307 -0.5100 -0.3481 -0.2325 -0.1555 -0.1048 -0.0721 -0.0510 -0.0376 -0.0292 -0.0237 -0.0204
100.0000 100.0000 100.0000 100.0000 100.0000 100.0000 100.0000 100.0000 100.0000 100.0000 100.0000 100.0000 100.0000 100.0000 100.0000 99.9999 99.9999 99.9999 99.9999 99.9999 99.9999 99.9999 99.9999 99.9999 99.9999 99.9999 99.9999 99.9999 99.9999 -0.0203 -0.0232 -0.0277 -0.0353 -0.0472 -0.0656 -0.0940 -0.1379 -0.2055 -0.3080 -0.4584 -0.6570 -0.9057 -1.1411 -1.2619 -1.1976 -0.9875 -0.7340 -0.5123 -0.3505 -0.2340 -0.1565 -0.1061 -0.0734 -0.0521 -0.0384 -0.0300 -0.0244 -0.0211
100.0000 100.0000 100.0000 100.0000 100.0000 100.0000 100.0000 100.0000 100.0000 100.0000 100.0000 100.0000 100.0000 100.0000 100.0000 99.9999 99.9999 99.9999 99.9999 99.9999 99.9999 99.9999 99.9999 99.9999 99.9999 99.9999 99.9999 99.9999 99.9999 -0.0212 -0.0240 -0.0286 -0.0363 -0.0482 -0.0667 -0.0952 -0.1391 -0.2066 -0.3100 -0.4605 -0.6592 -0.9086 -1.1446 -1.2662 -1.2012 -0.9906 -0.7364 -0.5142 -0.3526 -0.2352 -0.1574 -0.1073 -0.0745 -0.0531 -0.0394 -0.0310 -0.0253 -0.0219
100.0000 100.0000 100.0000 100.0000 100.0000 100.0000 100.0000 100.0000 100.0000 100.0000 100.0000 100.0000 100.0000 100.0000 100.0000 99.9999 99.9999 99.9999 99.9999 99.9999 99.9999 99.9999 99.9999 99.9999 99.9999 99.9999 99.9999 99.9999 99.9999 -0.0225 -0.0254 -0.0300 -0.0373 -0.0492 -0.0676 -0.0961 -0.1401 -0.2079 -0.3113 -0.4621 -0.6610 -0.9101 -1.1465 -1.2689 -1.2032 -0.9923 -0.7379 -0.5157 -0.3539 -0.2365 -0.1587 -0.1083 -0.0754 -0.0542 -0.0405 -0.0320 -0.0267 -0.0233
100.0000 100.0000 100.0000 100.0000 100.0000 100.0000 100.0000 100.0000 100.0000 100.0000 100.0000 100.0000 100.0000 100.0000 100.0000 99.9999 99.9999 99.9999 99.9999 99.9999 99.9999 99.9999 99.9999 99.9999 99.9999 99.9999 99.9999 99.9999 99.9999 -0.0239 -0.0269 -0.0315 -0.0388 -0.0502 -0.0684 -0.0968 -0.1411 -0.2093 -0.3120 -0.4631 -0.6618 -0.9109 -1.1474 -1.2697 -1.2041 -0.9932 -0.7388 -0.5165 -0.3546 -0.2380 -0.1599 -0.1090 -0.0762 -0.0552 -0.0419 -0.0335 -0.0281 -0.0247
100.0000 100.0000 100.0000 100.0000 100.0000 100.0000 100.0000 100.0000 100.0000 100.0000 100.0000 100.0000 100.0000 100.0000 100.0000 99.9999 99.9999 99.9999 99.9999 99.9999 99.9999 99.9999 99.9999 99.9999 99.9999 99.9999 99.9999 99.9999 99.9999 -0.0253 -0.0282 -0.0328 -0.0401 -0.0514 -0.0692 -0.0977 -0.1421 -0.2101 -0.3126 -0.4631 -0.6617 -0.9111 -1.1471 -1.2686 -1.2037 -0.9931 -0.7388 -0.5167 -0.3552 -0.2388 -0.1610 -0.1098 -0.0770 -0.0563 -0.0433 -0.0348 -0.0294 -0.0261
100.0000 100.0000 100.0000 100.0000 100.0000 100.0000 100.0000 100.0000 100.0000 100.0000 100.0000 100.0000 100.0000 100.0000 100.0000 99.9999 99.9999 99.9999 99.9999 99.9999 99.9999 99.9999 99.9999 99.9999 99.9999 99.9999 99.9999 99.9999 99.9999 -0.0267 -0.0296 -0.0342 -0.0411 -0.0525 -0.0706 -0.0989 -0.1428 -0.2107 -0.3130 -0.4627 -0.6610 -0.9097 -1.1450 -1.2656 -1.2015 -0.9914 -0.7380 -0.5164 -0.3555 -0.2393 -0.1615 -0.1109 -0.0784 -0.0574 -0.0442 -0.0358 -0.0308 -0.0275
100.0000 100.0000 100.0000 100.0000 100.0000 100.0000 100.0000 100.0000 100.0000 100.0000 100.0000 100.0000 100.0000 100.0000 100.0000 99.9999 99.9999 99.9999 99.9999 99.9999 99.9999 99.9999 99.9999 99.9999 99.9999 99.9999 99.9999 99.9999 99.9999 -0.0275 -0.0304 -0.0349 -0.0423 -0.0540 -0.0719 -0.0999 -0.1435 -0.2107 -0.3129 -0.4619 -0.6597 -0.9067 -1.1407 -1.2610 -1.1969 -0.9879 -0.7362 -0.5157 -0.3552 -0.2391 -0.1621 -0.1119 -0.0796 -0.0589 -0.0454 -0.0371 -0.0316 -0.0283
100.0000 100.0000 100.0000 100.0000 100.0000 100.0000 100.0000 100.0000 100.0000 100.0000 100.0000 100.0000 100.0000 100.0000 100.0000 99.9999 99.9999 99.9999 99.9999 99.9999 99.9999 99.9999 99.9999 99.9999 99.9999 99.9999 99.9999 99.9999 99.9999 -0.0225 -0.0254 -0.0299 -0.0371 -0.0487 -0.0669 -0.0953 -0.1392 -0.2068 -0.3086 -0.4576 -0.6564 -0.9037 -1.1380 -1.2586 -1.1946 -0.9855 -0.7334 -0.5125 -0.3511 -0.2354 -0.1581 -0.1074 -0.0746 -0.0536 -0.0403 -0.0319 -0.0266 -0.0233
100.0000 100.0000 100.0000 100.0000 100.0000 100.0000 100.0000 100.0000 100.0000 100.0000 100.0000 100.0000 100.0000 100.0000 100.0000 99.9999 99.9999 99.9999 99.9999 99.9999 99.9999 99.9999 99.9999 99.9999 99.9999 99.9999 99.9999 99.9999 99.9999 -0.0230 -0.0258 -0.0304 -0.0377 -0.0494 -0.0679 -0.0965 -0.1405 -0.2079 -0.3103 -0.4607 -0.6589 -0.9077 -1.1431 -1.2644 -1.2000 -0.9900 -0.7364 -0.5147 -0.3530 -0.2365 -0.1591 -0.1087 -0.0757 -0.0544 -0.0408 -0.0325 -0.0271 -0.0237
100.0000 100.0000 100.0000 100.0000 100.0000 100.0000 100.0000 100.0000 100.0000 100.0000 100.0000 100.0000 100.0000 100.0000 100.0000 99.9999 99.9999 99.9999 99.9999 99.9999 99.9999 99.9999 99.9999 99.9999 99.9999 99.9999 99.9999 99.9999 99.9999 -0.0237 -0.0266 -0.0312 -0.0385 -0.0503 -0.0688 -0.0975 -0.1416 -0.2088 -0.3120 -0.4627 -0.6610 -0.9103 -1.1465 -1.2680 -1.2034 -0.9929 -0.7385 -0.5164 -0.3548 -0.2375 -0.1601 -0.1098 -0.0766 -0.0553 -0.0416 -0.0332 -0.0279 -0.0245
100.0000 100.0000 100.0000 100.0000 100.0000 100.0000 100.0000 100.0000 100.0000 100.0000 100.0000 100.0000 100.0000 100.0000 100.0000 99.9999 99.9999 99.9999 99.9999 99.9999 99.9999 99.9999 99.9999 99.9999 99.9999 99.9999 99.9999 99.9999 99.9999 -0.0249 -0.0277 -0.0323 -0.0397 -0.0512 -0.0697 -0.0983 -0.1424 -0.2100 -0.3132 -0.4640 -0.6625 -0.9116 -1.1479 -1.2702 -1.2049 -0.9942 -0.7400 -0.5177 -0.3561 -0.2388 -0.1611 -0.1105 -0.0775 -0.0562 -0.0428 -0.0344 -0.0290 -0.0257
100.0000 100.0000 100.0000 100.0000 100.0000 100.0000 100.0000 100.0000 100.0000 100.0000 100.0000 100.0000 100.0000 100.0000 100.0000 99.9999 99.9999 99.9999 99.9999 99.9999 99.9999 99.9999 99.9999 99.9999 99.9999 99.9999 99.9999 99.9999 99.9999 -0.0260 -0.0288 -0.0334 -0.0409 -0.0524 -0.0704 -0.0988 -0.1430 -0.2112 -0.3139 -0.4647 -0.6631 -0.9122 -1.1485 -1.2708 -1.2055 -0.9948 -0.7405 -0.5183 -0.3568 -0.2400 -0.1620 -0.1111 -0.0782 -0.0574 -0.0440 -0.0356 -0.0301 -0.0268
100.0000 100.0000 100.0000 100.0000 100.0000 100.0000 100.0000 100.0000 100.0000 100.0000 100.0000 100.0000 100.0000 100.0000 100.0000 99.9999 99.9999 99.9999 99.9999 99.9999 99.9999 99.9999 99.9999 99.9999 99.9999 99.9999 99.9999 99.9999 99.9999 -0.0272 -0.0301 -0.0346 -0.0420 -0.0535 -0.0713 -0.0993 -0.1438 -0.2120 -0.3145 -0.4646 -0.6627 -0.9120 -1.1482 -1.2699 -1.2052 -0.9947 -0.7402 -0.5184 -0.3573 -0.2408 -0.1628 -0.1115 -0.0791 -0.0585 -0.0451 -0.0367 -0.0313 -0.0280
100.0000 100.0000 100.0000 100.0000 100.0000 100.0000 100.0000 100.0000 100.0000 100.0000 100.0000 100.0000 100.0000 100.0000 100.0000 99.9999 99.9999 99.9999 99.9999 99.9999 99.9999 99.9999 99.9999 99.9999 99.9999 99.9999 99.9999 99.9999 99.9999 -0.0284 -0.0313 -0.0359 -0.0431 -0.0542 -0.0722 -0.1006 -0.1444 -0.2123 -0.3146 -0.4642 -0.6619 -0.9105 -1.1460 -1.2672 -1.2029 -0.9929 -0.7393 -0.5180 -0.3573 -0.2410 -0.1633 -0.1127 -0.0799 -0.0591 -0.0462 -0.0378 -0.0326 -0.0292
100.0000 100.0000 100.0000 100.0000 100.0000 100.0000 100.0000 100.0000 100.0000 100.0000 100.0000 100.0000 100.0000 100.0000 100.0000 99.9999 99.9999 99.9999 99.9999 99.9999 99.9999 99.9999 99.9999 99.9999 99.9999 99.9999 99.9999 99.9999 99.9999 -0.0292 -0.0320 -0.0366 -0.0437 -0.0552 -0.0734 -0.1015 -0.1451 -0.2124 -0.3143 -0.4632 -0.6606 -0.9077 -1.1418 -1.2623 -1.1984 -0.9894 -0.7375 -0.5171 -0.3568 -0.2410 -0.1637 -0.1136 -0.0811 -0.0601 -0.0468 -0.0384 -0.0333 -0.0300
100.0000 100.0000 100.0000 100.0000 100.0000 100.0000 100.0000 100.0000 100.0000 100.0000 100.0000 100.0000 100.0000 100.0000 100.0000 99.9999 99.9999 99.9999 99.9999 99.9999 99.9999 99.9999 99.9999 99.9999 99.9999 99.9999 99.9999 99.9999 99.9999 -0.0250 -0.0279 -0.0323 -0.0397 -0.0511 -0.0691 -0.0973 -0.1412 -0.2087 -0.3104 -0.4591 -0.6573 -0.9043 -1.1381 -1.2587 -1.1950 -0.9864 -0.7349 -0.5143 -0.3531 -0.2374 -0.1602 -0.1095 -0.0769 -0.0560 -0.0428 -0.0345 -0.0291 -0.0258
100.0000 100.0000 100.0000 100.0000 100.0000 100.0000 100.0000 100.0000 100.0000 100.0000 100.0000 100.0000 100.0000 100.0000 100.0000 99.9999 99.9999 99.9999 99.9999 99.9999 99.9999 99.9999 99.9999 99.9999 99.9999 99.9999 99.9999 99.9999 99.9999 -0.0255 -0.0284 -0.0329 -0.0400 -0.0516 -0.0698 -0.0984 -0.1425 -0.2098 -0.3119 -0.4619 -0.6598 -0.9079 -1.1430 -1.2641 -1.2001 -0.9906 -0.7375 -0.5162 -0.3547 -0.2386 -0.1613 -0.1107 -0.0777 -0.0565 -0.0431 -0.0348 -0.0296 -0.0263
100.0000 100.0000 100.0000 100.0000 100.0000 100.0000 100.0000 100.0000 100.0000 100.0000 100.0000 100.0000 100.0000 100.0000 100.0000 99.9999 99.9999 99.9999 99.9999 99.9999 99.9999 99.9999 99.9999 99.9999 99.9999 99.9999 99.9999 99.9999 99.9999 -0.0261 -0.0290 -0.0335 -0.0407 -0.0522 -0.0706 -0.0992 -0.1436 -0.2108 -0.3132 -0.4638 -0.6616 -0.9103 -1.1460 -1.2675 -1.2031 -0.9932 -0.7394 -0.5178 -0.3561 -0.2397 -0.1624 -0.1115 -0.0785 -0.0572 -0.0438 -0.0355 -0.0302 -0.0269
100.0000 100.0000 100.0000 100.0000 100.0000 100.0000 100.0000 100.0000 100.0000 100.0000 100.0000 100.0000 100.0000 100.0000 100.0000 99.9999 99.9999 99.9999 99.9999 99.9999 99.9999 99.9999 99.9999 99.9999 99.9999 99.9999 99.9999 99.9999 99.9999 -0.0269 -0.0298 -0.0343 -0.0416 -0.0532 -0.0713 -0.1000 -0.1442 -0.2117 -0.3143 -0.4651 -0.6629 -0.9115 -1.1471 -1.2691 -1.2043 -0.9942 -0.7408 -0.5188 -0.3573 -0.2406 -0.1630 -0.1123 -0.0792 -0.0581 -0.0448 -0.0364 -0.0310 -0.0277
100.0000 100.0000 100.0000 100.0000 100.0000 100.0000 100.0000 100.0000 100.0000 100.0000 100.0000 100.0000 100.0000 100.0000 100.0000 99.9999 99.9999 99.9999 99.9999 99.9999 99.9999 99.9999 99.9999 99.9999 99.9999 99.9999 99.9999 99.9999 99.9999 -0.0279 -0.0308 -0.0353 -0.0426 -0.0542 -0.0723 -0.1005 -0.1445 -0.2127 -0.3152 -0.4654 -0.6633 -0.9118 -1.1474 -1.2695 -1.2046 -0.9946 -0.7411 -0.5194 -0.3582 -0.2416 -0.1635 -0.1128 -0.0802 -0.0592 -0.0457 -0.0374 -0.0320 -0.0287
100.0000 100.0000 100.0000 100.0000 100.0000 100.0000 100.0000 100.0000 100.0000 100.0000 100.0000 100.0000 100.0000 100.0000 100.0000 99.9999 99.9999 99.9999 99.9999 99.9999 99.9999 99.9999 99.9999 99.9999 99.9999 99.9999 99.9999 99.9999 99.9999 -0.0289 -0.0318 -0.0363 -0.0436 -0.0552 -0.0732 -0.1010 -0.1448 -0.2132 -0.3157 -0.4652 -0.6628 -0.9112 -1.1471 -1.2688 -1.2042 -0.9943 -0.7404 -0.5194 -0.3586 -0.2421 -0.1642 -0.1133 -0.0810 -0.0601 -0.0467 -0.0384 -0.0330 -0.0297
100.0000 100.0000 100.0000 100.0000 100.0000 100.0000 100.0000 100.0000 100.0000 100.0000 100.0000 100.0000 100.0000 100.0000 100.0000 99.9999 99.9999 99.9999 99.9999 99.9999 99.9999 99.9999 99.9999 99.9999 99.9999 99.9999 99.9999 99.9999 99.9999 -0.0298 -0.0326 -0.0371 -0.0447 -0.0559 -0.0735 -0.1017 -0.1458 -0.2133 -0.3157 -0.4648 -0.6619 -0.9096 -1.1449 -1.2661 -1.2019 -0.9925 -0.7393 -0.5188 -0.3586 -0.2421 -0.1645 -0.1139 -0.0813 -0.0609 -0.0478 -0.0395 -0.0339 -0.0306
100.0000 100.0000 100.0000 100.0000 100.0000 100.0000 100.0000 100.0000 100.0000 100.0000 100.0000 100.0000 100.0000 100.0000 100.0000 99.9999 99.9999 99.9999 99.9999 99.9999 99.9999 99.9999 99.9999 99.9999 99.9999 99.9999 99.9999 99.9999 99.9999 -0.0307 -0.0335 -0.0380 -0.0452 -0.0563 -0.0743 -0.1026 -0.1463 -0.2132 -0.3150 -0.4637 -0.6604 -0.9069 -1.1407 -1.2613 -1.1976 -0.9890 -0.7377 -0.5177 -0.3577 -0.2420 -0.1649 -0.1147 -0.0821 -0.0613 -0.0483 -0.0400 -0.0348 -0.0315
