100.0000 100.0000 100.0000 100.0000 100.0000 100.0000 100.0000 100.0000 100.0000 100.0000 100.0000 100.0000 99.9999 99.9999 99.9998 99.9998 99.9997 99.9997 99.9997 99.9997 99.9997 99.9997 99.9997 99.9997 99.9997 99.9997 99.9997 99.9997 99.9997 -0.0189 -0.0400 -0.0734 -0.1261 -0.2091 -0.3391 -0.5403 -0.8531 -1.3328 -2.3157 -3.8532 -6.0835 -8.7638 -11.6617 -12.9715 -12.2619 -9.7907 -6.8231 -4.3807 -2.6255 -1.5207 -0.9769 -0.6226 -0.3923 -0.2432 -0.1479 -0.0872 -0.0487 -0.0244
100.0000 100.0000 100.0000 100.0000 100.0000 100.0000 100.0000 100.0000 100.0000 100.0000 100.0000 100.0000 99.9999 99.9999 99.9998 99.9998 99.9997 99.9997 99.9997 99.9997 99.9997 99.9997 99.9997 99.9997 99.9997 99.9997 99.9997 99.9997 99.9997 -0.0321 -0.0552 -0.0918 -0.1496 -0.2405 -0.3830 -0.6036 -0.9464 -1.4712 -2.5854 -4.3461 -6.9256 -10.0326 -13.4624 -14.9930 -14.1709 -11.2627 -7.7818 -4.9491 -2.9314 -1.6780 -1.0826 -0.6945 -0.4418 -0.2783 -0.1736 -0.1069 -0.0648 -0.0382
100.0000 100.0000 100.0000 100.0000 100.0000 100.0000 100.0000 100.0000 100.0000 100.0000 100.0000 100.0000 99.9999 99.9999 99.9998 99.9998 99.9997 99.9997 99.9997 99.9997 99.9997 99.9997 99.9997 99.9997 99.9997 99.9997 99.9997 99.9997 99.9997 -0.0442 -0.0688 -0.1076 -0.1690 -0.2656 -0.4170 -0.6512 -1.0152 -1.5720 -2.7798 -4.7005 -7.5312 -10.9473 -14.7667 -16.4590 -15.5551 -12.3272 -8.4724 -5.3577 -3.1519 -1.7924 -1.1604 -0.7482 -0.4797 -0.3059 -0.1947 -0.1238 -0.0790 -0.0507
100.0000 100.0000 100.0000 100.0000 100.0000 100.0000 100.0000 100.0000 100.0000 100.0000 100.0000 100.0000 99.9999 99.9999 99.9998 99.9998 99.9997 99.9997 99.9997 99.9997 99.9997 99.9997 99.9997 99.9997 99.9997 99.9997 99.9997 99.9997 99.9997 -0.0516 -0.0769 -0.1169 -0.1802 -0.2798 -0.4356 -0.6767 -1.0515 -1.6249 -2.8802 -4.8823 -7.8421 -11.4183 -15.4418 -17.2186 -16.2718 -12.8767 -8.8274 -5.5675 -3.2657 -1.8524 -1.2015 -0.7769 -0.5003 -0.3213 -0.2067 -0.1336 -0.0875 -0.0583
100.0000 100.0000 100.0000 100.0000 100.0000 100.0000 100.0000 100.0000 100.0000 100.0000 100.0000 100.0000 99.9999 99.9999 99.9998 99.9998 99.9997 99.9997 99.9997 99.9997 99.9997 99.9997 99.9997 99.9997 99.9997 99.9997 99.9997 99.9997 99.9997 -0.0517 -0.0770 -0.1170 -0.1804 -0.2799 -0.4357 -0.6768 -1.0515 -1.6248 -2.8773 -4.8753 -7.8300 -11.4017 -15.4196 -17.1950 -16.2490 -12.8577 -8.8143 -5.5599 -3.2627 -1.8522 -1.2015 -0.7768 -0.5003 -0.3214 -0.2068 -0.1338 -0.0876 -0.0584
100.0000 100.0000 100.0000 100.0000 100.0000 100.0000 100.0000 100.0000 100.0000 100.0000 100.0000 100.0000 99.9999 99.9999 99.9998 99.9998 99.9997 99.9997 99.9997 99.9997 99.9997 99.9997 99.9997 99.9997 99.9997 99.9997 99.9997 99.9997 99.9997 -0.0445 -0.0691 -0.1080 -0.1695 -0.2660 -0.4173 -0.6514 -1.0151 -1.5718 -2.7711 -4.6796 -7.4949 -10.8974 -14.6999 -16.3876 -15.4860 -12.2696 -8.4331 -5.3350 -3.1429 -1.7921 -1.1604 -0.7482 -0.4798 -0.3062 -0.1951 -0.1243 -0.0795 -0.0510
100.0000 100.0000 100.0000 100.0000 100.0000 100.0000 100.0000 100.0000 100.0000 100.0000 100.0000 100.0000 99.9999 99.9999 99.9998 99.9998 99.9997 99.9997 99.9997 99.9997 99.9997 99.9997 99.9997 99.9997 99.9997 99.9997 99.9997 99.9997 99.9997 -0.0330 -0.0561 -0.0927 -0.1506 -0.2415 -0.3839 -0.6045 -0.9471 -1.4716 -2.5718 -4.3126 -6.8661 -9.9508 -13.3504 -14.8741 -14.0556 -11.1675 -7.7177 -4.9125 -2.9175 -1.6784 -1.0833 -0.6951 -0.4426 -0.2792 -0.1746 -0.1079 -0.0657 -0.0391
100.0000 100.0000 100.0000 100.0000 100.0000 100.0000 100.0000 100.0000 100.0000 100.0000 100.0000 100.0000 99.9999 99.9999 99.9998 99.9998 99.9997 99.9997 99.9997 99.9997 99.9997 99.9997 99.9997 99.9997 99.9997 99.9997 99.9997 99.9997 99.9997 -0.0213 -0.0424 -0.0758 -0.1287 -0.2116 -0.3416 -0.5430 -0.8559 -1.3353 -2.2993 -3.8099 -6.0049 -8.6550 -11.5099 -12.8105 -12.1055 -9.6628 -6.7384 -4.3335 -2.6090 -1.5231 -0.9795 -0.6251 -0.3948 -0.2457 -0.1504 -0.0897 -0.0512 -0.0268
100.0000 100.0000 100.0000 100.0000 100.0000 100.0000 100.0000 100.0000 100.0000 100.0000 100.0000 100.0000 99.9999 99.9999 99.9998 99.9998 99.9997 99.9997 99.9997 99.9997 99.9997 99.9997 99.9997 99.9997 99.9997 99.9997 99.9997 99.9997 99.9997 -0.0243 -0.0468 -0.0824 -0.1388 -0.2273 -0.3659 -0.5809 -0.9136 -1.4237 -2.5331 -4.2853 -6.8472 -9.9259 -13.3126 -14.8235 -14.0106 -11.1407 -7.6967 -4.8847 -2.8755 -1.6268 -1.0483 -0.6693 -0.4236 -0.2643 -0.1623 -0.0974 -0.0563 -0.0303
100.0000 100.0000 100.0000 100.0000 100.0000 100.0000 100.0000 100.0000 100.0000 100.0000 100.0000 100.0000 99.9999 99.9999 99.9998 99.9998 99.9997 99.9997 99.9997 99.9997 99.9997 99.9997 99.9997 99.9997 99.9997 99.9997 99.9997 99.9997 99.9997 -0.0332 -0.0576 -0.0963 -0.1575 -0.2537 -0.4043 -0.6379 -0.9994 -1.5525 -2.7905 -4.7637 -7.6738 -11.1791 -15.1039 -16.8360 -15.9100 -12.5989 -8.6383 -5.4368 -3.1676 -1.7736 -1.1459 -0.7344 -0.4673 -0.2941 -0.1832 -0.1126 -0.0680 -0.0397
100.0000 100.0000 100.0000 100.0000 100.0000 100.0000 100.0000 100.0000 100.0000 100.0000 100.0000 100.0000 99.9999 99.9999 99.9998 99.9998 99.9997 99.9997 99.9997 99.9997 99.9997 99.9997 99.9997 99.9997 99.9997 99.9997 99.9997 99.9997 99.9997 -0.0412 -0.0671 -0.1079 -0.1725 -0.2742 -0.4334 -0.6800 -1.0618 -1.6455 -2.9751 -5.1063 -8.2663 -12.0793 -16.3957 -18.2881 -17.2806 -13.6491 -9.3142 -5.8323 -3.3770 -1.8793 -1.2167 -0.7823 -0.5001 -0.3171 -0.1999 -0.1251 -0.0780 -0.0481
100.0000 100.0000 100.0000 100.0000 100.0000 100.0000 100.0000 100.0000 100.0000 100.0000 100.0000 100.0000 99.9999 99.9999 99.9998 99.9998 99.9997 99.9997 99.9997 99.9997 99.9997 99.9997 99.9997 99.9997 99.9997 99.9997 99.9997 99.9997 99.9997 -0.0459 -0.0725 -0.1145 -0.1811 -0.2856 -0.4491 -0.7023 -1.0946 -1.6941 -3.0702 -5.2821 -8.5706 -12.5427 -17.0629 -19.0393 -17.9891 -14.1908 -9.6618 -6.0354 -3.4850 -1.9346 -1.2540 -0.8077 -0.5177 -0.3296 -0.2092 -0.1324 -0.0838 -0.0531
100.0000 100.0000 100.0000 100.0000 100.0000 100.0000 100.0000 100.0000 100.0000 100.0000 100.0000 100.0000 99.9999 99.9999 99.9998 99.9998 99.9997 99.9997 99.9997 99.9997 99.9997 99.9997 99.9997 99.9997 99.9997 99.9997 99.9997 99.9997 99.9997 -0.0460 -0.0725 -0.1146 -0.1812 -0.2857 -0.4492 -0.7023 -1.0946 -1.6940 -3.0672 -5.2751 -8.5584 -12.5258 -17.0403 -19.0151 -17.9658 -14.1715 -9.6486 -6.0277 -3.4820 -1.9344 -1.2538 -0.8076 -0.5177 -0.3297 -0.2093 -0.1325 -0.0839 -0.0531
100.0000 100.0000 100.0000 100.0000 100.0000 100.0000 100.0000 100.0000 100.0000 100.0000 100.0000 100.0000 99.9999 99.9999 99.9998 99.9998 99.9997 99.9997 99.9997 99.9997 99.9997 99.9997 99.9997 99.9997 99.9997 99.9997 99.9997 99.9997 99.9997 -0.0412 -0.0671 -0.1081 -0.1728 -0.2744 -0.4335 -0.6800 -1.0617 -1.6452 -2.9663 -5.0854 -8.2299 -12.0290 -16.3275 -18.2154 -17.2102 -13.5908 -9.2747 -5.8095 -3.3680 -1.8790 -1.2164 -0.7822 -0.5002 -0.3172 -0.2001 -0.1255 -0.0781 -0.0482
100.0000 100.0000 100.0000 100.0000 100.0000 100.0000 100.0000 100.0000 100.0000 100.0000 100.0000 100.0000 99.9999 99.9999 99.9998 99.9998 99.9997 99.9997 99.9997 99.9997 99.9997 99.9997 99.9997 99.9997 99.9997 99.9997 99.9997 99.9997 99.9997 -0.0334 -0.0579 -0.0965 -0.1579 -0.2540 -0.4046 -0.6380 -0.9996 -1.5524 -2.7763 -4.7295 -7.6134 -11.0960 -14.9901 -16.7146 -15.7924 -12.5021 -8.5732 -5.3996 -3.1532 -1.7733 -1.1458 -0.7345 -0.4676 -0.2945 -0.1837 -0.1129 -0.0682 -0.0400
100.0000 100.0000 100.0000 100.0000 100.0000 100.0000 100.0000 100.0000 100.0000 100.0000 100.0000 100.0000 99.9999 99.9999 99.9998 99.9998 99.9997 99.9997 99.9997 99.9997 99.9997 99.9997 99.9997 99.9997 99.9997 99.9997 99.9997 99.9997 99.9997 -0.0249 -0.0474 -0.0830 -0.1394 -0.2279 -0.3666 -0.5816 -0.9146 -1.4242 -2.5144 -4.2391 -6.7651 -9.8125 -13.1551 -14.6561 -13.8480 -11.0076 -7.6080 -4.8345 -2.8566 -1.6273 -1.0490 -0.6700 -0.4243 -0.2650 -0.1631 -0.0980 -0.0568 -0.0309
100.0000 100.0000 100.0000 100.0000 100.0000 100.0000 100.0000 100.0000 100.0000 100.0000 100.0000 100.0000 99.9999 99.9999 99.9998 99.9998 99.9997 99.9997 99.9997 99.9997 99.9997 99.9997 99.9997 99.9997 99.9997 99.9997 99.9997 99.9997 99.9997 -0.0258 -0.0491 -0.0859 -0.1442 -0.2357 -0.3790 -0.6017 -0.9448 -1.4716 -2.6537 -4.5263 -7.2705 -10.5671 -14.2164 -15.8377 -14.9697 -11.8852 -8.1837 -5.1687 -3.0166 -1.6844 -1.0866 -0.6937 -0.4395 -0.2745 -0.1689 -0.1016 -0.0590 -0.0321
100.0000 100.0000 100.0000 100.0000 100.0000 100.0000 100.0000 100.0000 100.0000 100.0000 100.0000 100.0000 99.9999 99.9999 99.9998 99.9998 99.9997 99.9997 99.9997 99.9997 99.9997 99.9997 99.9997 99.9997 99.9997 99.9997 99.9997 99.9997 99.9997 -0.0322 -0.0573 -0.0970 -0.1598 -0.2585 -0.4131 -0.6532 -1.0232 -1.5903 -2.8946 -4.9779 -8.0551 -11.7599 -15.9263 -17.7593 -16.7827 -13.2746 -9.0774 -5.6900 -3.2899 -1.8197 -1.1761 -0.7528 -0.4785 -0.3004 -0.1865 -0.1139 -0.0680 -0.0390
100.0000 100.0000 100.0000 100.0000 100.0000 100.0000 100.0000 100.0000 100.0000 100.0000 100.0000 100.0000 99.9999 99.9999 99.9998 99.9998 99.9997 99.9997 99.9997 99.9997 99.9997 99.9997 99.9997 99.9997 99.9997 99.9997 99.9997 99.9997 99.9997 -0.0379 -0.0643 -0.1060 -0.1720 -0.2758 -0.4384 -0.6907 -1.0797 -1.6752 -3.0661 -5.2995 -8.6145 -12.6120 -17.1521 -19.1374 -18.0829 -14.2693 -9.7154 -6.0612 -3.4845 -1.9164 -1.2404 -0.7956 -0.5073 -0.3200 -0.2002 -0.1238 -0.0755 -0.0450
100.0000 100.0000 100.0000 100.0000 100.0000 100.0000 100.0000 100.0000 100.0000 100.0000 100.0000 100.0000 99.9999 99.9999 99.9998 99.9998 99.9997 99.9997 99.9997 99.9997 99.9997 99.9997 99.9997 99.9997 99.9997 99.9997 99.9997 99.9997 99.9997 -0.0413 -0.0683 -0.1111 -0.1790 -0.2854 -0.4521 -0.7105 -1.1092 -1.7196 -3.1543 -5.4642 -8.9014 -13.0499 -17.7839 -19.8480 -18.7537 -14.7815 -10.0431 -6.2516 -3.5848 -1.9668 -1.2741 -0.8182 -0.5227 -0.3308 -0.2080 -0.1295 -0.0799 -0.0486
100.0000 100.0000 100.0000 100.0000 100.0000 100.0000 100.0000 100.0000 100.0000 100.0000 100.0000 100.0000 99.9999 99.9999 99.9998 99.9998 99.9997 99.9997 99.9997 99.9997 99.9997 99.9997 99.9997 99.9997 99.9997 99.9997 99.9997 99.9997 99.9997 -0.0415 -0.0685 -0.1114 -0.1793 -0.2857 -0.4524 -0.7107 -1.1094 -1.7197 -3.1519 -5.4582 -8.8906 -13.0349 -17.7638 -19.8265 -18.7328 -14.7643 -10.0315 -6.2450 -3.5823 -1.9669 -1.2741 -0.8184 -0.5230 -0.3310 -0.2083 -0.1298 -0.0802 -0.0488
100.0000 100.0000 100.0000 100.0000 100.0000 100.0000 100.0000 100.0000 100.0000 100.0000 100.0000 100.0000 99.9999 99.9999 99.9998 99.9998 99.9997 99.9997 99.9997 99.9997 99.9997 99.9997 99.9997 99.9997 99.9997 99.9997 99.9997 99.9997 99.9997 -0.0385 -0.0649 -0.1067 -0.1729 -0.2767 -0.4392 -0.6912 -1.0802 -1.6756 -3.0589 -5.2814 -8.5824 -12.5672 -17.0911 -19.0718 -18.0199 -14.2174 -9.6806 -6.0415 -3.4771 -1.9166 -1.2407 -0.7961 -0.5080 -0.3208 -0.2011 -0.1246 -0.0763 -0.0457
100.0000 100.0000 100.0000 100.0000 100.0000 100.0000 100.0000 100.0000 100.0000 100.0000 100.0000 100.0000 99.9999 99.9999 99.9998 99.9998 99.9997 99.9997 99.9997 99.9997 99.9997 99.9997 99.9997 99.9997 99.9997 99.9997 99.9997 99.9997 99.9997 -0.0334 -0.0585 -0.0980 -0.1609 -0.2596 -0.4142 -0.6542 -1.0242 -1.5910 -2.8827 -4.9482 -8.0018 -11.6859 -15.8246 -17.6506 -16.6774 -13.1882 -9.0197 -5.6574 -3.2778 -1.8202 -1.1768 -0.7537 -0.4797 -0.3017 -0.1878 -0.1150 -0.0691 -0.0402
100.0000 100.0000 100.0000 100.0000 100.0000 100.0000 100.0000 100.0000 100.0000 100.0000 100.0000 100.0000 99.9999 99.9999 99.9998 99.9998 99.9997 99.9997 99.9997 99.9997 99.9997 99.9997 99.9997 99.9997 99.9997 99.9997 99.9997 99.9997 99.9997 -0.0273 -0.0505 -0.0872 -0.1455 -0.2370 -0.3804 -0.6031 -0.9464 -1.4727 -2.6376 -4.4855 -7.1974 -10.4655 -14.0750 -15.6867 -14.8236 -11.7659 -8.1044 -5.1241 -3.0003 -1.6854 -1.0880 -0.6952 -0.4410 -0.2760 -0.1704 -0.1029 -0.0604 -0.0336
100.0000 100.0000 100.0000 100.0000 100.0000 100.0000 100.0000 100.0000 100.0000 100.0000 100.0000 100.0000 99.9999 99.9999 99.9998 99.9998 99.9997 99.9997 99.9997 99.9997 99.9997 99.9997 99.9997 99.9997 99.9997 99.9997 99.9997 99.9997 99.9997 -0.0244 -0.0479 -0.0849 -0.1437 -0.2360 -0.3805 -0.6054 -0.9508 -1.4823 -2.6904 -4.6015 -7.3990 -10.7580 -14.4740 -16.1277 -15.2463 -12.1065 -8.3365 -5.2619 -3.0631 -1.6996 -1.0963 -0.6992 -0.4423 -0.2756 -0.1690 -0.1010 -0.0579 -0.0308
100.0000 100.0000 100.0000 100.0000 100.0000 100.0000 100.0000 100.0000 100.0000 100.0000 100.0000 100.0000 99.9999 99.9999 99.9998 99.9998 99.9997 99.9997 99.9997 99.9997 99.9997 99.9997 99.9997 99.9997 99.9997 99.9997 99.9997 99.9997 99.9997 -0.0295 -0.0546 -0.0943 -0.1572 -0.2562 -0.4111 -0.6521 -1.0221 -1.5906 -2.9121 -5.0190 -8.1255 -11.8632 -16.0589 -17.9090 -16.9263 -13.3937 -9.1638 -5.7437 -3.3147 -1.8232 -1.1778 -0.7527 -0.4773 -0.2987 -0.1844 -0.1115 -0.0655 -0.0363
100.0000 100.0000 100.0000 100.0000 100.0000 100.0000 100.0000 100.0000 100.0000 100.0000 100.0000 100.0000 99.9999 99.9999 99.9998 99.9998 99.9997 99.9997 99.9997 99.9997 99.9997 99.9997 99.9997 99.9997 99.9997 99.9997 99.9997 99.9997 99.9997 -0.0340 -0.0603 -0.1019 -0.1677 -0.2712 -0.4334 -0.6858 -1.0730 -1.6677 -3.0692 -5.3148 -8.6409 -12.6486 -17.1889 -19.1791 -18.1245 -14.3103 -9.7514 -6.0850 -3.4929 -1.9109 -1.2360 -0.7911 -0.5029 -0.3158 -0.1962 -0.1198 -0.0716 -0.0412
100.0000 100.0000 100.0000 100.0000 100.0000 100.0000 100.0000 100.0000 100.0000 100.0000 100.0000 100.0000 99.9999 99.9999 99.9998 99.9998 99.9997 99.9997 99.9997 99.9997 99.9997 99.9997 99.9997 99.9997 99.9997 99.9997 99.9997 99.9997 99.9997 -0.0368 -0.0638 -0.1063 -0.1738 -0.2798 -0.4457 -0.7037 -1.0998 -1.7079 -3.1501 -5.4664 -8.9053 -13.0520 -17.7706 -19.8333 -18.7418 -14.7817 -10.0529 -6.2601 -3.5846 -1.9567 -1.2665 -0.8115 -0.5168 -0.3254 -0.2029 -0.1247 -0.0753 -0.0442
100.0000 100.0000 100.0000 100.0000 100.0000 100.0000 100.0000 100.0000 100.0000 100.0000 100.0000 100.0000 99.9999 99.9999 99.9998 99.9998 99.9997 99.9997 99.9997 99.9997 99.9997 99.9997 99.9997 99.9997 99.9997 99.9997 99.9997 99.9997 99.9997 -0.0374 -0.0644 -0.1069 -0.1745 -0.2805 -0.4464 -0.7042 -1.1005 -1.7084 -3.1486 -5.4619 -8.8970 -13.0402 -17.7547 -19.8159 -18.7253 -14.7681 -10.0440 -6.2552 -3.5831 -1.9572 -1.2670 -0.8121 -0.5174 -0.3260 -0.2036 -0.1254 -0.0760 -0.0448
100.0000 100.0000 100.0000 100.0000 100.0000 100.0000 100.0000 100.0000 100.0000 100.0000 100.0000 100.0000 99.9999 99.9999 99.9998 99.9998 99.9997 99.9997 99.9997 99.9997 99.9997 99.9997 99.9997 99.9997 99.9997 99.9997 99.9997 99.9997 99.9997 -0.0359 -0.0622 -0.1038 -0.1697 -0.2733 -0.4354 -0.6875 -1.0749 -1.6692 -3.0647 -5.3016 -8.6164 -12.6136 -17.1409 -19.1272 -18.0746 -14.2695 -9.7244 -6.0704 -3.4882 -1.9123 -1.2374 -0.7929 -0.5048 -0.3178 -0.1982 -0.1219 -0.0736 -0.0431
100.0000 100.0000 100.0000 100.0000 100.0000 100.0000 100.0000 100.0000 100.0000 100.0000 100.0000 100.0000 99.9999 99.9999 99.9998 99.9998 99.9997 99.9997 99.9997 99.9997 99.9997 99.9997 99.9997 99.9997 99.9997 99.9997 99.9997 99.9997 99.9997 -0.0328 -0.0579 -0.0974 -0.1603 -0.2592 -0.4140 -0.6550 -1.0251 -1.5931 -2.9047 -4.9973 -8.0849 -11.8054 -15.9790 -17.8228 -16.8433 -13.3261 -9.1193 -5.7195 -3.3069 -1.8255 -1.1805 -0.7555 -0.4804 -0.3018 -0.1876 -0.1145 -0.0686 -0.0396
100.0000 100.0000 100.0000 100.0000 100.0000 100.0000 100.0000 100.0000 100.0000 100.0000 100.0000 100.0000 99.9999 99.9999 99.9998 99.9998 99.9997 99.9997 99.9997 99.9997 99.9997 99.9997 99.9997 99.9997 99.9997 99.9997 99.9997 99.9997 99.9997 -0.0287 -0.0522 -0.0889 -0.1476 -0.2399 -0.3844 -0.6095 -0.9548 -1.4857 -2.6801 -4.5716 -7.3432 -10.6788 -14.3633 -16.0085 -15.1313 -12.0133 -8.2753 -5.2287 -3.0525 -1.7030 -1.1002 -0.7033 -0.4463 -0.2796 -0.1730 -0.1049 -0.0620 -0.0351
100.0000 100.0000 100.0000 100.0000 100.0000 100.0000 100.0000 100.0000 100.0000 100.0000 100.0000 100.0000 99.9999 99.9999 99.9998 99.9998 99.9997 99.9997 99.9997 99.9997 99.9997 99.9997 99.9997 99.9997 99.9997 99.9997 99.9997 99.9997 99.9997 -0.0210 -0.0442 -0.0807 -0.1388 -0.2300 -0.3729 -0.5954 -0.9367 -1.4627 -2.6591 -4.5434 -7.2913 -10.5891 -14.2170 -15.8413 -14.9792 -11.9103 -8.2218 -5.2017 -3.0330 -1.6806 -1.0828 -0.6896 -0.4347 -0.2697 -0.1641 -0.0967 -0.0542 -0.0274
100.0000 100.0000 100.0000 100.0000 100.0000 100.0000 100.0000 100.0000 100.0000 100.0000 100.0000 100.0000 99.9999 99.9999 99.9998 99.9998 99.9997 99.9997 99.9997 99.9997 99.9997 99.9997 99.9997 99.9997 99.9997 99.9997 99.9997 99.9997 99.9997 -0.0255 -0.0502 -0.0892 -0.1510 -0.2482 -0.4005 -0.6378 -1.0012 -1.5609 -2.8608 -4.9233 -7.9518 -11.5928 -15.6545 -17.4566 -16.5026 -13.0783 -8.9735 -5.6398 -3.2617 -1.7925 -1.1567 -0.7379 -0.4663 -0.2905 -0.1779 -0.1062 -0.0609 -0.0324
100.0000 100.0000 100.0000 100.0000 100.0000 100.0000 100.0000 100.0000 100.0000 100.0000 100.0000 100.0000 99.9999 99.9999 99.9998 99.9998 99.9997 99.9997 99.9997 99.9997 99.9997 99.9997 99.9997 99.9997 99.9997 99.9997 99.9997 99.9997 99.9997 -0.0295 -0.0553 -0.0960 -0.1603 -0.2618 -0.4206 -0.6682 -1.0472 -1.6304 -3.0031 -5.1913 -8.4185 -12.3032 -16.6748 -18.6032 -17.5842 -13.9064 -9.5051 -5.9490 -3.4231 -1.8716 -1.2091 -0.7726 -0.4894 -0.3059 -0.1884 -0.1136 -0.0665 -0.0367
100.0000 100.0000 100.0000 100.0000 100.0000 100.0000 100.0000 100.0000 100.0000 100.0000 100.0000 100.0000 99.9999 99.9999 99.9998 99.9998 99.9997 99.9997 99.9997 99.9997 99.9997 99.9997 99.9997 99.9997 99.9997 99.9997 99.9997 99.9997 99.9997 -0.0323 -0.0587 -0.1001 -0.1660 -0.2696 -0.4318 -0.6845 -1.0714 -1.6668 -3.0766 -5.3291 -8.6583 -12.6683 -17.2001 -19.1940 -18.1414 -14.3326 -9.7782 -6.1078 -3.5063 -1.9130 -1.2369 -0.7911 -0.5020 -0.3147 -0.1948 -0.1182 -0.0700 -0.0396
100.0000 100.0000 100.0000 100.0000 100.0000 100.0000 100.0000 100.0000 100.0000 100.0000 100.0000 100.0000 99.9999 99.9999 99.9998 99.9998 99.9997 99.9997 99.9997 99.9997 99.9997 99.9997 99.9997 99.9997 99.9997 99.9997 99.9997 99.9997 99.9997 -0.0334 -0.0598 -0.1013 -0.1673 -0.2709 -0.4331 -0.6856 -1.0726 -1.6679 -3.0763 -5.3266 -8.6531 -12.6606 -17.1896 -19.1821 -18.1303 -14.3236 -9.7725 -6.1050 -3.5059 -1.9140 -1.2377 -0.7922 -0.5032 -0.3159 -0.1960 -0.1195 -0.0712 -0.0407
100.0000 100.0000 100.0000 100.0000 100.0000 100.0000 100.0000 100.0000 100.0000 100.0000 100.0000 100.0000 99.9999 99.9999 99.9998 99.9998 99.9997 99.9997 99.9997 99.9997 99.9997 99.9997 99.9997 99.9997 99.9997 99.9997 99.9997 99.9997 99.9997 -0.0331 -0.0589 -0.0995 -0.1640 -0.2654 -0.4242 -0.6714 -1.0506 -1.6334 -3.0020 -5.1841 -8.4033 -12.2801 -16.6429 -18.5683 -17.5508 -13.8795 -9.4879 -5.9406 -3.4217 -1.8745 -1.2121 -0.7759 -0.4928 -0.3094 -0.1921 -0.1173 -0.0701 -0.0402
100.0000 100.0000 100.0000 100.0000 100.0000 100.0000 100.0000 100.0000 100.0000 100.0000 100.0000 100.0000 99.9999 99.9999 99.9998 99.9998 99.9997 99.9997 99.9997 99.9997 99.9997 99.9997 99.9997 99.9997 99.9997 99.9997 99.9997 99.9997 99.9997 -0.0316 -0.0563 -0.0951 -0.1566 -0.2538 -0.4060 -0.6433 -1.0067 -1.5658 -2.8589 -4.9114 -7.9266 -11.5549 -15.6015 -17.3983 -16.4471 -13.0338 -8.9452 -5.6259 -3.2595 -1.7972 -1.1619 -0.7434 -0.4720 -0.2962 -0.1837 -0.1119 -0.0668 -0.0384
100.0000 100.0000 100.0000 100.0000 100.0000 100.0000 100.0000 100.0000 100.0000 100.0000 100.0000 100.0000 99.9999 99.9999 99.9998 99.9998 99.9997 99.9997 99.9997 99.9997 99.9997 99.9997 99.9997 99.9997 99.9997 99.9997 99.9997 99.9997 99.9997 -0.0292 -0.0523 -0.0887 -0.1464 -0.2376 -0.3803 -0.6032 -0.9440 -1.4695 -2.6565 -4.5271 -7.2570 -10.5375 -14.1438 -15.7614 -14.9028 -11.8493 -8.1830 -5.1828 -3.0299 -1.6871 -1.0903 -0.6972 -0.4422 -0.2773 -0.1718 -0.1044 -0.0622 -0.0356
100.0000 100.0000 100.0000 100.0000 100.0000 100.0000 100.0000 100.0000 100.0000 100.0000 100.0000 100.0000 99.9999 99.9999 99.9998 99.9998 99.9997 99.9997 99.9997 99.9997 99.9997 99.9997 99.9997 99.9997 99.9997 99.9997 99.9997 99.9997 99.9997 -0.0166 -0.0391 -0.0745 -0.1309 -0.2197 -0.3586 -0.5753 -0.9075 -1.4200 -2.5761 -4.3845 -7.0067 -10.1513 -13.5778 -15.1268 -14.3087 -11.4035 -7.9066 -5.0255 -2.9444 -1.6351 -1.0517 -0.6687 -0.4196 -0.2588 -0.1559 -0.0903 -0.0489 -0.0229
100.0000 100.0000 100.0000 100.0000 100.0000 100.0000 100.0000 100.0000 100.0000 100.0000 100.0000 100.0000 99.9999 99.9999 99.9998 99.9998 99.9997 99.9997 99.9997 99.9997 99.9997 99.9997 99.9997 99.9997 99.9997 99.9997 99.9997 99.9997 99.9997 -0.0209 -0.0449 -0.0825 -0.1421 -0.2363 -0.3837 -0.6137 -0.9658 -1.5084 -2.7578 -4.7260 -7.5987 -11.0491 -14.8606 -16.5675 -15.6678 -12.4471 -8.5799 -5.4191 -3.1503 -1.7358 -1.1182 -0.7123 -0.4482 -0.2777 -0.1685 -0.0990 -0.0553 -0.0276
100.0000 100.0000 100.0000 100.0000 100.0000 100.0000 100.0000 100.0000 100.0000 100.0000 100.0000 100.0000 99.9999 99.9999 99.9998 99.9998 99.9997 99.9997 99.9997 99.9997 99.9997 99.9997 99.9997 99.9997 99.9997 99.9997 99.9997 99.9997 99.9997 -0.0248 -0.0497 -0.0889 -0.1508 -0.2487 -0.4019 -0.6411 -1.0071 -1.5709 -2.8857 -4.9664 -8.0160 -11.6828 -15.7678 -17.5870 -16.6292 -13.1844 -9.0548 -5.6960 -3.2952 -1.8069 -1.1655 -0.7436 -0.4690 -0.2917 -0.1782 -0.1060 -0.0605 -0.0318
100.0000 100.0000 100.0000 100.0000 100.0000 100.0000 100.0000 100.0000 100.0000 100.0000 100.0000 100.0000 99.9999 99.9999 99.9998 99.9998 99.9997 99.9997 99.9997 99.9997 99.9997 99.9997 99.9997 99.9997 99.9997 99.9997 99.9997 99.9997 99.9997 -0.0278 -0.0532 -0.0930 -0.1563 -0.2562 -0.4124 -0.6562 -1.0293 -1.6039 -2.9521 -5.0904 -8.2310 -12.0091 -16.2361 -18.1127 -17.1255 -13.5646 -9.2994 -5.8388 -3.3703 -1.8443 -1.1907 -0.7605 -0.4808 -0.3000 -0.1843 -0.1106 -0.0641 -0.0349
100.0000 100.0000 100.0000 100.0000 100.0000 100.0000 100.0000 100.0000 100.0000 100.0000 100.0000 100.0000 99.9999 99.9999 99.9998 99.9998 99.9997 99.9997 99.9997 99.9997 99.9997 99.9997 99.9997 99.9997 99.9997 99.9997 99.9997 99.9997 99.9997 -0.0294 -0.0548 -0.0948 -0.1582 -0.2580 -0.4143 -0.6577 -1.0311 -1.6054 -2.9530 -5.0901 -8.2291 -12.0056 -16.2310 -18.1068 -17.1199 -13.5604 -9.2971 -5.8382 -3.3711 -1.8458 -1.1921 -0.7623 -0.4826 -0.3019 -0.1862 -0.1124 -0.0659 -0.0365
100.0000 100.0000 100.0000 100.0000 100.0000 100.0000 100.0000 100.0000 100.0000 100.0000 100.0000 100.0000 99.9999 99.9999 99.9998 99.9998 99.9997 99.9997 99.9997 99.9997 99.9997 99.9997 99.9997 99.9997 99.9997 99.9997 99.9997 99.9997 99.9997 -0.0301 -0.0549 -0.0941 -0.1562 -0.2541 -0.4073 -0.6460 -1.0123 -1.5755 -2.8882 -4.9653 -8.0104 -11.6721 -15.7528 -17.5694 -16.6131 -13.1720 -9.0478 -5.6941 -3.2973 -1.8114 -1.1700 -0.7486 -0.4743 -0.2971 -0.1836 -0.1115 -0.0658 -0.0370
100.0000 100.0000 100.0000 100.0000 100.0000 100.0000 100.0000 100.0000 100.0000 100.0000 100.0000 100.0000 99.9999 99.9999 99.9998 99.9998 99.9997 99.9997 99.9997 99.9997 99.9997 99.9997 99.9997 99.9997 99.9997 99.9997 99.9997 99.9997 99.9997 -0.0299 -0.0538 -0.0913 -0.1507 -0.2448 -0.3921 -0.6220 -0.9740 -1.5160 -2.7618 -4.7244 -7.5896 -11.0320 -14.8355 -16.5388 -15.6409 -12.4265 -8.5686 -5.4160 -3.1538 -1.7432 -1.1261 -0.7205 -0.4567 -0.2863 -0.1772 -0.1077 -0.0641 -0.0366
100.0000 100.0000 100.0000 100.0000 100.0000 100.0000 100.0000 100.0000 100.0000 100.0000 100.0000 100.0000 99.9999 99.9999 99.9998 99.9998 99.9997 99.9997 99.9997 99.9997 99.9997 99.9997 99.9997 99.9997 99.9997 99.9997 99.9997 99.9997 99.9997 -0.0289 -0.0514 -0.0866 -0.1426 -0.2313 -0.3701 -0.5871 -0.9185 -1.4304 -2.5816 -4.3825 -6.9946 -10.1284 -13.5439 -15.0879 -14.2724 -11.3760 -7.8913 -5.0216 -2.9494 -1.6453 -1.0630 -0.6801 -0.4310 -0.2704 -0.1675 -0.1021 -0.0610 -0.0352
100.0000 100.0000 100.0000 100.0000 100.0000 100.0000 100.0000 100.0000 100.0000 100.0000 100.0000 100.0000 99.9999 99.9999 99.9998 99.9998 99.9997 99.9997 99.9997 99.9997 99.9997 99.9997 99.9997 99.9997 99.9997 99.9997 99.9997 99.9997 99.9997 -0.0117 -0.0334 -0.0674 -0.1214 -0.2066 -0.3400 -0.5482 -0.8677 -1.3606 -2.4562 -4.1544 -6.5984 -9.5264 -12.6758 -14.1177 -13.3609 -10.6820 -7.4513 -4.7674 -2.8138 -1.5705 -1.0080 -0.6398 -0.3993 -0.2446 -0.1456 -0.0826 -0.0429 -0.0179
100.0000 100.0000 100.0000 100.0000 100.0000 100.0000 100.0000 100.0000 100.0000 100.0000 100.0000 100.0000 99.9999 99.9999 99.9998 99.9998 99.9997 99.9997 99.9997 99.9997 99.9997 99.9997 99.9997 99.9997 99.9997 99.9997 99.9997 99.9997 99.9997 -0.0160 -0.0390 -0.0750 -0.1318 -0.2218 -0.3627 -0.5828 -0.9200 -1.4399 -2.6186 -4.4584 -7.1234 -10.3203 -13.8060 -15.3863 -14.5578 -11.6031 -8.0479 -5.1175 -2.9978 -1.6607 -1.0677 -0.6791 -0.4252 -0.2619 -0.1573 -0.0910 -0.0490 -0.0225
100.0000 100.0000 100.0000 100.0000 100.0000 100.0000 100.0000 100.0000 100.0000 100.0000 100.0000 100.0000 99.9999 99.9999 99.9998 99.9998 99.9997 99.9997 99.9997 99.9997 99.9997 99.9997 99.9997 99.9997 99.9997 99.9997 99.9997 99.9997 99.9997 -0.0200 -0.0438 -0.0811 -0.1400 -0.2333 -0.3794 -0.6076 -0.9572 -1.4958 -2.7328 -4.6722 -7.4928 -10.8793 -14.6037 -16.2820 -15.4029 -12.2524 -8.4677 -5.3635 -3.1271 -1.7243 -1.1100 -0.7074 -0.4441 -0.2748 -0.1664 -0.0977 -0.0543 -0.0268
100.0000 100.0000 100.0000 100.0000 100.0000 100.0000 100.0000 100.0000 100.0000 100.0000 100.0000 100.0000 99.9999 99.9999 99.9998 99.9998 99.9997 99.9997 99.9997 99.9997 99.9997 99.9997 99.9997 99.9997 99.9997 99.9997 99.9997 99.9997 99.9997 -0.0233 -0.0475 -0.0854 -0.1455 -0.2406 -0.3893 -0.6215 -0.9775 -1.5256 -2.7926 -4.7832 -7.6841 -11.1685 -15.0169 -16.7450 -15.8402 -12.5884 -8.6850 -5.4910 -3.1945 -1.7579 -1.1330 -0.7230 -0.4553 -0.2829 -0.1725 -0.1023 -0.0580 -0.0301
100.0000 100.0000 100.0000 100.0000 100.0000 100.0000 100.0000 100.0000 100.0000 100.0000 100.0000 100.0000 99.9999 99.9999 99.9998 99.9998 99.9997 99.9997 99.9997 99.9997 99.9997 99.9997 99.9997 99.9997 99.9997 99.9997 99.9997 99.9997 99.9997 -0.0255 -0.0497 -0.0877 -0.1480 -0.2430 -0.3918 -0.6236 -0.9798 -1.5276 -2.7945 -4.7848 -7.6852 -11.1688 -15.0170 -16.7448 -15.8403 -12.5887 -8.6859 -5.4924 -3.1963 -1.7599 -1.1348 -0.7253 -0.4576 -0.2853 -0.1749 -0.1046 -0.0603 -0.0323
100.0000 100.0000 100.0000 100.0000 100.0000 100.0000 100.0000 100.0000 100.0000 100.0000 100.0000 100.0000 99.9999 99.9999 99.9998 99.9998 99.9997 99.9997 99.9997 99.9997 99.9997 99.9997 99.9997 99.9997 99.9997 99.9997 99.9997 99.9997 99.9997 -0.0269 -0.0507 -0.0880 -0.1472 -0.2405 -0.3865 -0.6140 -0.9641 -1.5019 -2.7386 -4.6771 -7.4963 -10.8806 -14.6045 -16.2810 -15.4029 -12.2536 -8.4704 -5.3678 -3.1325 -1.7302 -1.1161 -0.7141 -0.4511 -0.2819 -0.1735 -0.1047 -0.0611 -0.0336
100.0000 100.0000 100.0000 100.0000 100.0000 100.0000 100.0000 100.0000 100.0000 100.0000 100.0000 100.0000 99.9999 99.9999 99.9998 99.9998 99.9997 99.9997 99.9997 99.9997 99.9997 99.9997 99.9997 99.9997 99.9997 99.9997 99.9997 99.9997 99.9997 -0.0278 -0.0506 -0.0866 -0.1432 -0.2331 -0.3739 -0.5936 -0.9309 -1.4499 -2.6281 -4.4666 -7.1293 -10.3226 -13.8073 -15.3854 -14.5581 -11.6052 -8.0524 -5.1246 -3.0068 -1.6705 -1.0781 -0.6900 -0.4365 -0.2733 -0.1688 -0.1024 -0.0607 -0.0343
100.0000 100.0000 100.0000 100.0000 100.0000 100.0000 100.0000 100.0000 100.0000 100.0000 100.0000 100.0000 99.9999 99.9999 99.9998 99.9998 99.9997 99.9997 99.9997 99.9997 99.9997 99.9997 99.9997 99.9997 99.9997 99.9997 99.9997 99.9997 99.9997 -0.0279 -0.0495 -0.0834 -0.1370 -0.2221 -0.3553 -0.5636 -0.8823 -1.3745 -2.4693 -4.1659 -6.6072 -9.5305 -12.6785 -14.1171 -13.3620 -10.6858 -7.4579 -4.7775 -2.8263 -1.5841 -1.0228 -0.6549 -0.4146 -0.2601 -0.1612 -0.0984 -0.0590 -0.0340
100.0000 100.0000 100.0000 100.0000 100.0000 100.0000 100.0000 100.0000 100.0000 100.0000 100.0000 100.0000 99.9999 99.9999 99.9998 99.9998 99.9998 99.9997 99.9997 99.9997 99.9997 99.9997 99.9997 99.9997 99.9997 99.9997 99.9997 99.9997 99.9997 -0.0070 -0.0276 -0.0600 -0.1112 -0.1921 -0.3188 -0.5167 -0.8208 -1.2900 -2.3117 -3.8780 -6.1112 -8.7833 -11.6109 -12.9264 -12.2410 -9.8263 -6.9066 -4.4558 -2.6552 -1.4929 -0.9561 -0.6057 -0.3759 -0.2287 -0.1345 -0.0747 -0.0368 -0.0129
100.0000 100.0000 100.0000 100.0000 100.0000 100.0000 100.0000 100.0000 100.0000 100.0000 100.0000 100.0000 99.9999 99.9999 99.9998 99.9998 99.9997 99.9997 99.9997 99.9997 99.9997 99.9997 99.9997 99.9997 99.9997 99.9997 99.9997 99.9997 99.9997 -0.0114 -0.0331 -0.0672 -0.1210 -0.2062 -0.3395 -0.5478 -0.8676 -1.3607 -2.4560 -4.1468 -6.5728 -9.4788 -12.5968 -14.0324 -13.2849 -10.6314 -7.4306 -4.7649 -2.8186 -1.5734 -1.0094 -0.6410 -0.3994 -0.2445 -0.1454 -0.0826 -0.0428 -0.0176
100.0000 100.0000 100.0000 100.0000 100.0000 100.0000 100.0000 100.0000 100.0000 100.0000 100.0000 100.0000 99.9999 99.9999 99.9998 99.9998 99.9997 99.9997 99.9997 99.9997 99.9997 99.9997 99.9997 99.9997 99.9997 99.9997 99.9997 99.9997 99.9997 -0.0155 -0.0380 -0.0733 -0.1288 -0.2169 -0.3548 -0.5703 -0.9010 -1.4107 -2.5575 -4.3357 -6.8974 -9.9680 -13.2921 -14.8118 -14.0208 -11.1984 -7.7990 -4.9820 -2.9334 -1.6301 -1.0475 -0.6665 -0.4167 -0.2565 -0.1540 -0.0891 -0.0480 -0.0219
100.0000 100.0000 100.0000 100.0000 100.0000 100.0000 100.0000 100.0000 100.0000 100.0000 100.0000 100.0000 99.9999 99.9999 99.9998 99.9998 99.9997 99.9997 99.9997 99.9997 99.9997 99.9997 99.9997 99.9997 99.9997 99.9997 99.9997 99.9997 99.9997 -0.0190 -0.0419 -0.0777 -0.1343 -0.2239 -0.3642 -0.5833 -0.9197 -1.4375 -2.6111 -4.4344 -7.0665 -10.2222 -13.6534 -15.2163 -14.4031 -11.4929 -7.9907 -5.0953 -2.9937 -1.6603 -1.0683 -0.6810 -0.4271 -0.2642 -0.1600 -0.0938 -0.0520 -0.0256
100.0000 100.0000 100.0000 100.0000 100.0000 100.0000 100.0000 100.0000 100.0000 100.0000 100.0000 100.0000 99.9999 99.9999 99.9998 99.9998 99.9997 99.9997 99.9997 99.9997 99.9997 99.9997 99.9997 99.9997 99.9997 99.9997 99.9997 99.9997 99.9997 -0.0217 -0.0446 -0.0804 -0.1372 -0.2268 -0.3671 -0.5857 -0.9225 -1.4400 -2.6141 -4.4378 -7.0702 -10.2261 -13.6586 -15.2209 -14.4080 -11.4974 -7.9944 -5.0985 -2.9965 -1.6628 -1.0707 -0.6839 -0.4300 -0.2672 -0.1629 -0.0966 -0.0547 -0.0283
100.0000 100.0000 100.0000 100.0000 100.0000 100.0000 100.0000 100.0000 100.0000 100.0000 100.0000 100.0000 99.9999 99.9999 99.9998 99.9998 99.9997 99.9997 99.9997 99.9997 99.9997 99.9997 99.9997 99.9997 99.9997 99.9997 99.9997 99.9997 99.9997 -0.0238 -0.0462 -0.0815 -0.1374 -0.2254 -0.3633 -0.5780 -0.9095 -1.4181 -2.5662 -4.3456 -6.9088 -9.9796 -13.3065 -14.8255 -14.0350 -11.2113 -7.8101 -4.9917 -2.9417 -1.6373 -1.0549 -0.6748 -0.4251 -0.2651 -0.1626 -0.0975 -0.0563 -0.0302
100.0000 100.0000 100.0000 100.0000 100.0000 100.0000 100.0000 100.0000 100.0000 100.0000 100.0000 100.0000 99.9999 99.9999 99.9998 99.9998 99.9997 99.9997 99.9997 99.9997 99.9997 99.9997 99.9997 99.9997 99.9997 99.9997 99.9997 99.9997 99.9997 -0.0255 -0.0471 -0.0812 -0.1348 -0.2199 -0.3531 -0.5609 -0.8809 -1.3729 -2.4703 -4.1634 -6.5918 -9.4981 -12.6211 -14.0554 -13.3086 -10.6531 -7.4489 -4.7809 -2.8323 -1.5853 -1.0221 -0.6543 -0.4130 -0.2582 -0.1592 -0.0964 -0.0569 -0.0317
100.0000 100.0000 100.0000 100.0000 100.0000 100.0000 100.0000 100.0000 100.0000 100.0000 100.0000 100.0000 99.9999 99.9999 99.9998 99.9998 99.9998 99.9997 99.9997 99.9997 99.9997 99.9997 99.9997 99.9997 99.9997 99.9997 99.9997 99.9997 99.9997 -0.0265 -0.0471 -0.0793 -0.1302 -0.2110 -0.3375 -0.5352 -0.8386 -1.3069 -2.3315 -3.9012 -6.1381 -8.8107 -11.6449 -12.9590 -12.2744 -9.8568 -6.9322 -4.4782 -2.6742 -1.5095 -0.9739 -0.6241 -0.3945 -0.2475 -0.1534 -0.0939 -0.0562 -0.0324
