100.0000 100.0000 100.0000 100.0000 100.0000 100.0000 100.0000 100.0000 100.0000 100.0000 100.0000 100.0000 100.0000 100.0000 100.0000 100.0000 100.0000 100.0000 99.9999 99.9999 99.9999 99.9999 99.9999 99.9999 99.9999 99.9999 99.9999 99.9999 99.9999 -0.0179 -0.0198 -0.0228 -0.0277 -0.0352 -0.0473 -0.0662 -0.0954 -0.1405 -0.2074 -0.3052 -0.4385 -0.6043 -0.7610 -0.8411 -0.7978 -0.6575 -0.4884 -0.3418 -0.2345 -0.1586 -0.1078 -0.0742 -0.0523 -0.0386 -0.0297 -0.0240 -0.0206 -0.0184
100.0000 100.0000 100.0000 100.0000 100.0000 100.0000 100.0000 100.0000 100.0000 100.0000 100.0000 100.0000 100.0000 100.0000 100.0000 100.0000 100.0000 100.0000 99.9999 99.9999 99.9999 99.9999 99.9999 99.9999 99.9999 99.9999 99.9999 99.9999 99.9999 -0.0186 -0.0205 -0.0234 -0.0284 -0.0360 -0.0483 -0.0674 -0.0966 -0.1412 -0.2086 -0.3068 -0.4399 -0.6065 -0.7641 -0.8444 -0.8010 -0.6598 -0.4899 -0.3430 -0.2359 -0.1595 -0.1086 -0.0753 -0.0533 -0.0396 -0.0304 -0.0247 -0.0212 -0.0191
100.0000 100.0000 100.0000 100.0000 100.0000 100.0000 100.0000 100.0000 100.0000 100.0000 100.0000 100.0000 100.0000 100.0000 100.0000 100.0000 100.0000 100.0000 99.9999 99.9999 99.9999 99.9999 99.9999 99.9999 99.9999 99.9999 99.9999 99.9999 99.9999 -0.0194 -0.0213 -0.0243 -0.0295 -0.0370 -0.0493 -0.0684 -0.0977 -0.1419 -0.2098 -0.3081 -0.4412 -0.6080 -0.7664 -0.8470 -0.8034 -0.6616 -0.4912 -0.3443 -0.2374 -0.1603 -0.1096 -0.0763 -0.0543 -0.0405 -0.0315 -0.0256 -0.0221 -0.0199
100.0000 100.0000 100.0000 100.0000 100.0000 100.0000 100.0000 100.0000 100.0000 100.0000 100.0000 100.0000 100.0000 100.0000 100.0000 100.0000 100.0000 100.0000 99.9999 99.9999 99.9999 99.9999 99.9999 99.9999 99.9999 99.9999 99.9999 99.9999 99.9999 -0.0208 -0.0227 -0.0257 -0.0305 -0.0380 -0.0503 -0.0693 -0.0986 -0.1431 -0.2110 -0.3091 -0.4423 -0.6090 -0.7679 -0.8486 -0.8050 -0.6630 -0.4924 -0.3453 -0.2385 -0.1614 -0.1105 -0.0772 -0.0553 -0.0415 -0.0325 -0.0270 -0.0235 -0.0213
100.0000 100.0000 100.0000 100.0000 100.0000 100.0000 100.0000 100.0000 100.0000 100.0000 100.0000 100.0000 100.0000 100.0000 100.0000 100.0000 100.0000 100.0000 99.9999 99.9999 99.9999 99.9999 99.9999 99.9999 99.9999 99.9999 99.9999 99.9999 99.9999 -0.0222 -0.0241 -0.0271 -0.0319 -0.0395 -0.0513 -0.0701 -0.0993 -0.1443 -0.2120 -0.3099 -0.4432 -0.6098 -0.7685 -0.8492 -0.8056 -0.6638 -0.4932 -0.3462 -0.2392 -0.1628 -0.1115 -0.0779 -0.0563 -0.0425 -0.0339 -0.0284 -0.0249 -0.0227
100.0000 100.0000 100.0000 100.0000 100.0000 100.0000 100.0000 100.0000 100.0000 100.0000 100.0000 100.0000 100.0000 100.0000 100.0000 100.0000 100.0000 100.0000 99.9999 99.9999 99.9999 99.9999 99.9999 99.9999 99.9999 99.9999 99.9999 99.9999 99.9999 -0.0236 -0.0255 -0.0285 -0.0333 -0.0408 -0.0525 -0.0709 -0.1003 -0.1455 -0.2129 -0.3104 -0.4437 -0.6104 -0.7684 -0.8490 -0.8054 -0.6639 -0.4936 -0.3470 -0.2401 -0.1638 -0.1126 -0.0789 -0.0575 -0.0438 -0.0353 -0.0297 -0.0263 -0.0241
100.0000 100.0000 100.0000 100.0000 100.0000 100.0000 100.0000 100.0000 100.0000 100.0000 100.0000 100.0000 100.0000 100.0000 100.0000 100.0000 100.0000 100.0000 99.9999 99.9999 99.9999 99.9999 99.9999 99.9999 99.9999 99.9999 99.9999 99.9999 99.9999 -0.0250 -0.0269 -0.0299 -0.0343 -0.0419 -0.0536 -0.0724 -0.1015 -0.1462 -0.2137 -0.3110 -0.4441 -0.6103 -0.7674 -0.8478 -0.8044 -0.6635 -0.4940 -0.3475 -0.2410 -0.1646 -0.1135 -0.0802 -0.0586 -0.0449 -0.0363 -0.0311 -0.0277 -0.0255
100.0000 100.0000 100.0000 100.0000 100.0000 100.0000 100.0000 100.0000 100.0000 100.0000 100.0000 100.0000 100.0000 100.0000 100.0000 100.0000 100.0000 100.0000 99.9999 99.9999 99.9999 99.9999 99.9999 99.9999 99.9999 99.9999 99.9999 99.9999 99.9999 -0.0258 -0.0277 -0.0307 -0.0356 -0.0431 -0.0552 -0.0738 -0.1027 -0.1471 -0.2143 -0.3111 -0.4444 -0.6094 -0.7657 -0.8458 -0.8025 -0.6625 -0.4941 -0.3479 -0.2415 -0.1651 -0.1146 -0.0814 -0.0602 -0.0465 -0.0376 -0.0319 -0.0285 -0.0263
100.0000 100.0000 100.0000 100.0000 100.0000 100.0000 100.0000 100.0000 100.0000 100.0000 100.0000 100.0000 100.0000 100.0000 100.0000 100.0000 100.0000 100.0000 99.9999 99.9999 99.9999 99.9999 99.9999 99.9999 99.9999 99.9999 99.9999 99.9999 99.9999 -0.0209 -0.0228 -0.0258 -0.0306 -0.0382 -0.0503 -0.0694 -0.0990 -0.1446 -0.2128 -0.3118 -0.4468 -0.6148 -0.7734 -0.8546 -0.8109 -0.6690 -0.4977 -0.3490 -0.2404 -0.1634 -0.1115 -0.0775 -0.0554 -0.0415 -0.0326 -0.0271 -0.0236 -0.0214
100.0000 100.0000 100.0000 100.0000 100.0000 100.0000 100.0000 100.0000 100.0000 100.0000 100.0000 100.0000 100.0000 100.0000 100.0000 100.0000 100.0000 100.0000 99.9999 99.9999 99.9999 99.9999 99.9999 99.9999 99.9999 99.9999 99.9999 99.9999 99.9999 -0.0213 -0.0232 -0.0262 -0.0311 -0.0387 -0.0510 -0.0704 -0.1002 -0.1454 -0.2137 -0.3132 -0.4480 -0.6168 -0.7759 -0.8574 -0.8135 -0.6712 -0.4989 -0.3501 -0.2415 -0.1640 -0.1125 -0.0786 -0.0561 -0.0422 -0.0332 -0.0275 -0.0240 -0.0218
100.0000 100.0000 100.0000 100.0000 100.0000 100.0000 100.0000 100.0000 100.0000 100.0000 100.0000 100.0000 100.0000 100.0000 100.0000 100.0000 100.0000 100.0000 99.9999 99.9999 99.9999 99.9999 99.9999 99.9999 99.9999 99.9999 99.9999 99.9999 99.9999 -0.0221 -0.0240 -0.0270 -0.0319 -0.0395 -0.0519 -0.0712 -0.1012 -0.1463 -0.2145 -0.3143 -0.4492 -0.6182 -0.7784 -0.8600 -0.8160 -0.6726 -0.5001 -0.3512 -0.2427 -0.1647 -0.1135 -0.0795 -0.0570 -0.0430 -0.0339 -0.0283 -0.0248 -0.0226
100.0000 100.0000 100.0000 100.0000 100.0000 100.0000 100.0000 100.0000 100.0000 100.0000 100.0000 100.0000 100.0000 100.0000 100.0000 100.0000 100.0000 100.0000 99.9999 99.9999 99.9999 99.9999 99.9999 99.9999 99.9999 99.9999 99.9999 99.9999 99.9999 -0.0232 -0.0251 -0.0281 -0.0330 -0.0406 -0.0527 -0.0721 -0.1019 -0.1471 -0.2156 -0.3153 -0.4501 -0.6188 -0.7798 -0.8616 -0.8176 -0.6736 -0.5011 -0.3521 -0.2437 -0.1657 -0.1142 -0.0802 -0.0578 -0.0439 -0.0350 -0.0294 -0.0259 -0.0237
100.0000 100.0000 100.0000 100.0000 100.0000 100.0000 100.0000 100.0000 100.0000 100.0000 100.0000 100.0000 100.0000 100.0000 100.0000 100.0000 100.0000 100.0000 99.9999 99.9999 99.9999 99.9999 99.9999 99.9999 99.9999 99.9999 99.9999 99.9999 99.9999 -0.0243 -0.0262 -0.0292 -0.0342 -0.0419 -0.0540 -0.0728 -0.1024 -0.1481 -0.2167 -0.3159 -0.4508 -0.6194 -0.7804 -0.8622 -0.8181 -0.6742 -0.5017 -0.3529 -0.2444 -0.1669 -0.1148 -0.0808 -0.0591 -0.0451 -0.0363 -0.0305 -0.0270 -0.0248
100.0000 100.0000 100.0000 100.0000 100.0000 100.0000 100.0000 100.0000 100.0000 100.0000 100.0000 100.0000 100.0000 100.0000 100.0000 100.0000 100.0000 100.0000 99.9999 99.9999 99.9999 99.9999 99.9999 99.9999 99.9999 99.9999 99.9999 99.9999 99.9999 -0.0255 -0.0274 -0.0305 -0.0354 -0.0430 -0.0551 -0.0737 -0.1030 -0.1490 -0.2175 -0.3163 -0.4512 -0.6199 -0.7799 -0.8615 -0.8175 -0.6744 -0.5018 -0.3535 -0.2452 -0.1678 -0.1156 -0.0814 -0.0602 -0.0463 -0.0374 -0.0317 -0.0282 -0.0260
100.0000 100.0000 100.0000 100.0000 100.0000 100.0000 100.0000 100.0000 100.0000 100.0000 100.0000 100.0000 100.0000 100.0000 100.0000 100.0000 100.0000 100.0000 99.9999 99.9999 99.9999 99.9999 99.9999 99.9999 99.9999 99.9999 99.9999 99.9999 99.9999 -0.0268 -0.0287 -0.0317 -0.0365 -0.0441 -0.0558 -0.0747 -0.1043 -0.1496 -0.2182 -0.3166 -0.4514 -0.6197 -0.7786 -0.8600 -0.8162 -0.6739 -0.5020 -0.3538 -0.2457 -0.1683 -0.1165 -0.0828 -0.0609 -0.0470 -0.0386 -0.0330 -0.0295 -0.0273
100.0000 100.0000 100.0000 100.0000 100.0000 100.0000 100.0000 100.0000 100.0000 100.0000 100.0000 100.0000 100.0000 100.0000 100.0000 100.0000 100.0000 100.0000 99.9999 99.9999 99.9999 99.9999 99.9999 99.9999 99.9999 99.9999 99.9999 99.9999 99.9999 -0.0275 -0.0294 -0.0325 -0.0371 -0.0447 -0.0569 -0.0759 -0.1054 -0.1503 -0.2183 -0.3166 -0.4514 -0.6186 -0.7770 -0.8583 -0.8145 -0.6727 -0.5021 -0.3539 -0.2461 -0.1689 -0.1175 -0.0839 -0.0619 -0.0481 -0.0392 -0.0337 -0.0302 -0.0280
100.0000 100.0000 100.0000 100.0000 100.0000 100.0000 100.0000 100.0000 100.0000 100.0000 100.0000 100.0000 100.0000 100.0000 100.0000 100.0000 100.0000 100.0000 99.9999 99.9999 99.9999 99.9999 99.9999 99.9999 99.9999 99.9999 99.9999 99.9999 99.9999 -0.0234 -0.0253 -0.0284 -0.0334 -0.0410 -0.0531 -0.0723 -0.1022 -0.1483 -0.2174 -0.3173 -0.4540 -0.6237 -0.7836 -0.8658 -0.8216 -0.6786 -0.5057 -0.3555 -0.2455 -0.1674 -0.1149 -0.0805 -0.0583 -0.0443 -0.0354 -0.0296 -0.0262 -0.0240
100.0000 100.0000 100.0000 100.0000 100.0000 100.0000 100.0000 100.0000 100.0000 100.0000 100.0000 100.0000 100.0000 100.0000 100.0000 100.0000 100.0000 100.0000 99.9999 99.9999 99.9999 99.9999 99.9999 99.9999 99.9999 99.9999 99.9999 99.9999 99.9999 -0.0239 -0.0259 -0.0289 -0.0337 -0.0413 -0.0536 -0.0730 -0.1032 -0.1492 -0.2181 -0.3188 -0.4551 -0.6255 -0.7860 -0.8684 -0.8242 -0.6806 -0.5068 -0.3565 -0.2463 -0.1681 -0.1159 -0.0814 -0.0587 -0.0447 -0.0357 -0.0302 -0.0267 -0.0245
100.0000 100.0000 100.0000 100.0000 100.0000 100.0000 100.0000 100.0000 100.0000 100.0000 100.0000 100.0000 100.0000 100.0000 100.0000 100.0000 100.0000 100.0000 99.9999 99.9999 99.9999 99.9999 99.9999 99.9999 99.9999 99.9999 99.9999 99.9999 99.9999 -0.0245 -0.0264 -0.0295 -0.0343 -0.0419 -0.0542 -0.0737 -0.1040 -0.1501 -0.2187 -0.3199 -0.4562 -0.6267 -0.7882 -0.8708 -0.8264 -0.6819 -0.5078 -0.3574 -0.2471 -0.1688 -0.1167 -0.0821 -0.0594 -0.0454 -0.0363 -0.0308 -0.0272 -0.0250
100.0000 100.0000 100.0000 100.0000 100.0000 100.0000 100.0000 100.0000 100.0000 100.0000 100.0000 100.0000 100.0000 100.0000 100.0000 100.0000 100.0000 100.0000 99.9999 99.9999 99.9999 99.9999 99.9999 99.9999 99.9999 99.9999 99.9999 99.9999 99.9999 -0.0253 -0.0272 -0.0303 -0.0352 -0.0429 -0.0551 -0.0744 -0.1047 -0.1507 -0.2197 -0.3207 -0.4569 -0.6271 -0.7897 -0.8725 -0.8280 -0.6826 -0.5087 -0.3582 -0.2480 -0.1696 -0.1173 -0.0828 -0.0603 -0.0463 -0.0373 -0.0316 -0.0281 -0.0258
100.0000 100.0000 100.0000 100.0000 100.0000 100.0000 100.0000 100.0000 100.0000 100.0000 100.0000 100.0000 100.0000 100.0000 100.0000 100.0000 100.0000 100.0000 99.9999 99.9999 99.9999 99.9999 99.9999 99.9999 99.9999 99.9999 99.9999 99.9999 99.9999 -0.0263 -0.0282 -0.0313 -0.0362 -0.0438 -0.0562 -0.0754 -0.1052 -0.1512 -0.2208 -0.3212 -0.4575 -0.6274 -0.7901 -0.8729 -0.8284 -0.6830 -0.5091 -0.3588 -0.2489 -0.1705 -0.1177 -0.0834 -0.0614 -0.0473 -0.0382 -0.0326 -0.0290 -0.0268
100.0000 100.0000 100.0000 100.0000 100.0000 100.0000 100.0000 100.0000 100.0000 100.0000 100.0000 100.0000 100.0000 100.0000 100.0000 100.0000 100.0000 100.0000 99.9999 99.9999 99.9999 99.9999 99.9999 99.9999 99.9999 99.9999 99.9999 99.9999 99.9999 -0.0273 -0.0292 -0.0323 -0.0372 -0.0449 -0.0572 -0.0763 -0.1058 -0.1519 -0.2214 -0.3214 -0.4579 -0.6278 -0.7894 -0.8720 -0.8276 -0.6831 -0.5091 -0.3594 -0.2496 -0.1711 -0.1181 -0.0840 -0.0623 -0.0483 -0.0392 -0.0336 -0.0300 -0.0278
100.0000 100.0000 100.0000 100.0000 100.0000 100.0000 100.0000 100.0000 100.0000 100.0000 100.0000 100.0000 100.0000 100.0000 100.0000 100.0000 100.0000 100.0000 99.9999 99.9999 99.9999 99.9999 99.9999 99.9999 99.9999 99.9999 99.9999 99.9999 99.9999 -0.0282 -0.0301 -0.0331 -0.0383 -0.0460 -0.0580 -0.0767 -0.1066 -0.1524 -0.2218 -0.3216 -0.4578 -0.6274 -0.7880 -0.8704 -0.8261 -0.6826 -0.5091 -0.3595 -0.2501 -0.1715 -0.1193 -0.0848 -0.0631 -0.0491 -0.0404 -0.0344 -0.0309 -0.0287
100.0000 100.0000 100.0000 100.0000 100.0000 100.0000 100.0000 100.0000 100.0000 100.0000 100.0000 100.0000 100.0000 100.0000 100.0000 100.0000 100.0000 100.0000 99.9999 99.9999 99.9999 99.9999 99.9999 99.9999 99.9999 99.9999 99.9999 99.9999 99.9999 -0.0291 -0.0310 -0.0341 -0.0388 -0.0465 -0.0584 -0.0776 -0.1075 -0.1531 -0.2220 -0.3212 -0.4576 -0.6263 -0.7861 -0.8683 -0.8242 -0.6812 -0.5089 -0.3594 -0.2500 -0.1719 -0.1200 -0.0858 -0.0636 -0.0496 -0.0409 -0.0353 -0.0318 -0.0296
100.0000 100.0000 100.0000 100.0000 100.0000 100.0000 100.0000 100.0000 100.0000 100.0000 100.0000 100.0000 100.0000 100.0000 100.0000 100.0000 100.0000 100.0000 99.9999 99.9999 99.9999 99.9999 99.9999 99.9999 99.9999 99.9999 99.9999 99.9999 99.9999 -0.0258 -0.0277 -0.0307 -0.0357 -0.0433 -0.0557 -0.0750 -0.1051 -0.1515 -0.2213 -0.3222 -0.4603 -0.6312 -0.7923 -0.8752 -0.8308 -0.6867 -0.5126 -0.3612 -0.2498 -0.1709 -0.1178 -0.0833 -0.0609 -0.0469 -0.0377 -0.0320 -0.0285 -0.0263
100.0000 100.0000 100.0000 100.0000 100.0000 100.0000 100.0000 100.0000 100.0000 100.0000 100.0000 100.0000 100.0000 100.0000 100.0000 100.0000 100.0000 100.0000 99.9999 99.9999 99.9999 99.9999 99.9999 99.9999 99.9999 99.9999 99.9999 99.9999 99.9999 -0.0263 -0.0282 -0.0312 -0.0361 -0.0437 -0.0559 -0.0754 -0.1058 -0.1524 -0.2221 -0.3234 -0.4614 -0.6328 -0.7943 -0.8775 -0.8330 -0.6886 -0.5136 -0.3622 -0.2505 -0.1717 -0.1187 -0.0839 -0.0611 -0.0470 -0.0382 -0.0325 -0.0290 -0.0268
100.0000 100.0000 100.0000 100.0000 100.0000 100.0000 100.0000 100.0000 100.0000 100.0000 100.0000 100.0000 100.0000 100.0000 100.0000 100.0000 100.0000 100.0000 99.9999 99.9999 99.9999 99.9999 99.9999 99.9999 99.9999 99.9999 99.9999 99.9999 99.9999 -0.0269 -0.0288 -0.0319 -0.0365 -0.0442 -0.0564 -0.0759 -0.1064 -0.1533 -0.2227 -0.3245 -0.4623 -0.6337 -0.7963 -0.8797 -0.8350 -0.6896 -0.5145 -0.3630 -0.2511 -0.1724 -0.1194 -0.0844 -0.0616 -0.0476 -0.0386 -0.0332 -0.0297 -0.0274
100.0000 100.0000 100.0000 100.0000 100.0000 100.0000 100.0000 100.0000 100.0000 100.0000 100.0000 100.0000 100.0000 100.0000 100.0000 100.0000 100.0000 100.0000 99.9999 99.9999 99.9999 99.9999 99.9999 99.9999 99.9999 99.9999 99.9999 99.9999 99.9999 -0.0276 -0.0295 -0.0325 -0.0372 -0.0449 -0.0572 -0.0766 -0.1070 -0.1537 -0.2234 -0.3252 -0.4630 -0.6340 -0.7977 -0.8812 -0.8364 -0.6899 -0.5152 -0.3637 -0.2520 -0.1729 -0.1200 -0.0850 -0.0624 -0.0483 -0.0393 -0.0338 -0.0303 -0.0281
100.0000 100.0000 100.0000 100.0000 100.0000 100.0000 100.0000 100.0000 100.0000 100.0000 100.0000 100.0000 100.0000 100.0000 100.0000 100.0000 100.0000 100.0000 99.9999 99.9999 99.9999 99.9999 99.9999 99.9999 99.9999 99.9999 99.9999 99.9999 99.9999 -0.0283 -0.0302 -0.0332 -0.0381 -0.0458 -0.0580 -0.0774 -0.1078 -0.1539 -0.2243 -0.3255 -0.4634 -0.6341 -0.7980 -0.8815 -0.8368 -0.6901 -0.5155 -0.3643 -0.2529 -0.1733 -0.1204 -0.0858 -0.0632 -0.0491 -0.0402 -0.0345 -0.0310 -0.0288
100.0000 100.0000 100.0000 100.0000 100.0000 100.0000 100.0000 100.0000 100.0000 100.0000 100.0000 100.0000 100.0000 100.0000 100.0000 100.0000 100.0000 100.0000 99.9999 99.9999 99.9999 99.9999 99.9999 99.9999 99.9999 99.9999 99.9999 99.9999 99.9999 -0.0290 -0.0309 -0.0340 -0.0389 -0.0466 -0.0588 -0.0783 -0.1083 -0.1542 -0.2247 -0.3258 -0.4637 -0.6341 -0.7972 -0.8806 -0.8359 -0.6902 -0.5155 -0.3646 -0.2534 -0.1740 -0.1207 -0.0864 -0.0641 -0.0499 -0.0409 -0.0353 -0.0317 -0.0295
100.0000 100.0000 100.0000 100.0000 100.0000 100.0000 100.0000 100.0000 100.0000 100.0000 100.0000 100.0000 100.0000 100.0000 100.0000 100.0000 100.0000 100.0000 99.9999 99.9999 99.9999 99.9999 99.9999 99.9999 99.9999 99.9999 99.9999 99.9999 99.9999 -0.0294 -0.0313 -0.0344 -0.0396 -0.0473 -0.0598 -0.0788 -0.1085 -0.1551 -0.2248 -0.3257 -0.4635 -0.6337 -0.7957 -0.8788 -0.8343 -0.6896 -0.5153 -0.3646 -0.2536 -0.1742 -0.1213 -0.0866 -0.0650 -0.0509 -0.0417 -0.0357 -0.0321 -0.0299
100.0000 100.0000 100.0000 100.0000 100.0000 100.0000 100.0000 100.0000 100.0000 100.0000 100.0000 100.0000 100.0000 100.0000 100.0000 100.0000 100.0000 100.0000 99.9999 99.9999 99.9999 99.9999 99.9999 99.9999 99.9999 99.9999 99.9999 99.9999 99.9999 -0.0300 -0.0320 -0.0350 -0.0403 -0.0479 -0.0601 -0.0791 -0.1091 -0.1556 -0.2248 -0.3252 -0.4630 -0.6327 -0.7938 -0.8768 -0.8324 -0.6881 -0.5149 -0.3641 -0.2534 -0.1747 -0.1219 -0.0873 -0.0653 -0.0512 -0.0423 -0.0363 -0.0328 -0.0306
100.0000 100.0000 100.0000 100.0000 100.0000 100.0000 100.0000 100.0000 100.0000 100.0000 100.0000 100.0000 100.0000 100.0000 100.0000 100.0000 100.0000 100.0000 99.9999 99.9999 99.9999 99.9999 99.9999 99.9999 99.9999 99.9999 99.9999 99.9999 99.9999 -0.0283 -0.0302 -0.0332 -0.0378 -0.0455 -0.0577 -0.0773 -0.1077 -0.1541 -0.2247 -0.3263 -0.4657 -0.6374 -0.7991 -0.8827 -0.8381 -0.6934 -0.5185 -0.3662 -0.2536 -0.1738 -0.1205 -0.0858 -0.0629 -0.0489 -0.0399 -0.0345 -0.0310 -0.0288
100.0000 100.0000 100.0000 100.0000 100.0000 100.0000 100.0000 100.0000 100.0000 100.0000 100.0000 100.0000 100.0000 100.0000 100.0000 100.0000 100.0000 100.0000 99.9999 99.9999 99.9999 99.9999 99.9999 99.9999 99.9999 99.9999 99.9999 99.9999 99.9999 -0.0285 -0.0304 -0.0335 -0.0382 -0.0459 -0.0581 -0.0774 -0.1080 -0.1551 -0.2255 -0.3276 -0.4668 -0.6386 -0.8011 -0.8848 -0.8401 -0.6950 -0.5195 -0.3672 -0.2543 -0.1746 -0.1211 -0.0860 -0.0634 -0.0493 -0.0403 -0.0348 -0.0313 -0.0290
100.0000 100.0000 100.0000 100.0000 100.0000 100.0000 100.0000 100.0000 100.0000 100.0000 100.0000 100.0000 100.0000 100.0000 100.0000 100.0000 100.0000 100.0000 99.9999 99.9999 99.9999 99.9999 99.9999 99.9999 99.9999 99.9999 99.9999 99.9999 99.9999 -0.0292 -0.0311 -0.0342 -0.0388 -0.0465 -0.0585 -0.0779 -0.1084 -0.1558 -0.2262 -0.3285 -0.4677 -0.6394 -0.8027 -0.8867 -0.8418 -0.6959 -0.5204 -0.3679 -0.2548 -0.1755 -0.1216 -0.0864 -0.0637 -0.0496 -0.0409 -0.0355 -0.0320 -0.0297
100.0000 100.0000 100.0000 100.0000 100.0000 100.0000 100.0000 100.0000 100.0000 100.0000 100.0000 100.0000 100.0000 100.0000 100.0000 100.0000 100.0000 100.0000 99.9999 99.9999 99.9999 99.9999 99.9999 99.9999 99.9999 99.9999 99.9999 99.9999 99.9999 -0.0296 -0.0315 -0.0346 -0.0394 -0.0471 -0.0591 -0.0785 -0.1090 -0.1563 -0.2267 -0.3291 -0.4682 -0.6397 -0.8040 -0.8881 -0.8432 -0.6960 -0.5209 -0.3685 -0.2555 -0.1759 -0.1221 -0.0869 -0.0644 -0.0502 -0.0414 -0.0359 -0.0324 -0.0301
100.0000 100.0000 100.0000 100.0000 100.0000 100.0000 100.0000 100.0000 100.0000 100.0000 100.0000 100.0000 100.0000 100.0000 100.0000 100.0000 100.0000 100.0000 99.9999 99.9999 99.9999 99.9999 99.9999 99.9999 99.9999 99.9999 99.9999 99.9999 99.9999 -0.0300 -0.0319 -0.0349 -0.0399 -0.0476 -0.0598 -0.0791 -0.1096 -0.1565 -0.2270 -0.3294 -0.4686 -0.6397 -0.8042 -0.8883 -0.8434 -0.6960 -0.5211 -0.3689 -0.2563 -0.1759 -0.1227 -0.0876 -0.0651 -0.0509 -0.0420 -0.0363 -0.0327 -0.0305
100.0000 100.0000 100.0000 100.0000 100.0000 100.0000 100.0000 100.0000 100.0000 100.0000 100.0000 100.0000 100.0000 100.0000 100.0000 100.0000 100.0000 100.0000 99.9999 99.9999 99.9999 99.9999 99.9999 99.9999 99.9999 99.9999 99.9999 99.9999 99.9999 -0.0303 -0.0322 -0.0353 -0.0404 -0.0481 -0.0604 -0.0798 -0.1103 -0.1565 -0.2274 -0.3294 -0.4688 -0.6394 -0.8033 -0.8872 -0.8424 -0.6959 -0.5212 -0.3691 -0.2565 -0.1761 -0.1230 -0.0883 -0.0656 -0.0515 -0.0425 -0.0366 -0.0331 -0.0308
100.0000 100.0000 100.0000 100.0000 100.0000 100.0000 100.0000 100.0000 100.0000 100.0000 100.0000 100.0000 100.0000 100.0000 100.0000 100.0000 100.0000 100.0000 99.9999 99.9999 99.9999 99.9999 99.9999 99.9999 99.9999 99.9999 99.9999 99.9999 99.9999 -0.0305 -0.0324 -0.0355 -0.0406 -0.0483 -0.0610 -0.0806 -0.1105 -0.1569 -0.2274 -0.3290 -0.4685 -0.6388 -0.8017 -0.8855 -0.8408 -0.6952 -0.5207 -0.3689 -0.2565 -0.1766 -0.1230 -0.0886 -0.0662 -0.0521 -0.0427 -0.0368 -0.0332 -0.0310
100.0000 100.0000 100.0000 100.0000 100.0000 100.0000 100.0000 100.0000 100.0000 100.0000 100.0000 100.0000 100.0000 100.0000 100.0000 100.0000 100.0000 100.0000 99.9999 99.9999 99.9999 99.9999 99.9999 99.9999 99.9999 99.9999 99.9999 99.9999 99.9999 -0.0308 -0.0327 -0.0357 -0.0410 -0.0487 -0.0613 -0.0807 -0.1107 -0.1572 -0.2275 -0.3283 -0.4676 -0.6379 -0.7998 -0.8833 -0.8387 -0.6938 -0.5200 -0.3683 -0.2562 -0.1769 -0.1234 -0.0888 -0.0666 -0.0525 -0.0431 -0.0370 -0.0335 -0.0313
100.0000 100.0000 100.0000 100.0000 100.0000 100.0000 100.0000 100.0000 100.0000 100.0000 100.0000 100.0000 100.0000 100.0000 100.0000 100.0000 100.0000 100.0000 99.9999 99.9999 99.9999 99.9999 99.9999 99.9999 99.9999 99.9999 99.9999 99.9999 99.9999 -0.0305 -0.0324 -0.0354 -0.0401 -0.0478 -0.0597 -0.0790 -0.1097 -0.1567 -0.2274 -0.3299 -0.4704 -0.6424 -0.8047 -0.8888 -0.8441 -0.6989 -0.5235 -0.3707 -0.2568 -0.1763 -0.1229 -0.0878 -0.0650 -0.0509 -0.0422 -0.0367 -0.0332 -0.0310
100.0000 100.0000 100.0000 100.0000 100.0000 100.0000 100.0000 100.0000 100.0000 100.0000 100.0000 100.0000 100.0000 100.0000 100.0000 100.0000 100.0000 100.0000 99.9999 99.9999 99.9999 99.9999 99.9999 99.9999 99.9999 99.9999 99.9999 99.9999 99.9999 -0.0309 -0.0328 -0.0358 -0.0403 -0.0480 -0.0601 -0.0794 -0.1097 -0.1574 -0.2283 -0.3309 -0.4715 -0.6433 -0.8065 -0.8908 -0.8460 -0.7001 -0.5245 -0.3716 -0.2576 -0.1773 -0.1231 -0.0877 -0.0654 -0.0513 -0.0424 -0.0372 -0.0336 -0.0314
100.0000 100.0000 100.0000 100.0000 100.0000 100.0000 100.0000 100.0000 100.0000 100.0000 100.0000 100.0000 100.0000 100.0000 100.0000 100.0000 100.0000 100.0000 99.9999 99.9999 99.9999 99.9999 99.9999 99.9999 99.9999 99.9999 99.9999 99.9999 99.9999 -0.0309 -0.0328 -0.0358 -0.0409 -0.0486 -0.0606 -0.0797 -0.1102 -0.1578 -0.2292 -0.3319 -0.4722 -0.6439 -0.8078 -0.8923 -0.8473 -0.7008 -0.5253 -0.3722 -0.2581 -0.1779 -0.1234 -0.0882 -0.0658 -0.0517 -0.0430 -0.0372 -0.0336 -0.0314
100.0000 100.0000 100.0000 100.0000 100.0000 100.0000 100.0000 100.0000 100.0000 100.0000 100.0000 100.0000 100.0000 100.0000 100.0000 100.0000 100.0000 100.0000 99.9999 99.9999 99.9999 99.9999 99.9999 99.9999 99.9999 99.9999 99.9999 99.9999 99.9999 -0.0311 -0.0330 -0.0361 -0.0411 -0.0488 -0.0611 -0.0803 -0.1106 -0.1581 -0.2295 -0.3323 -0.4727 -0.6443 -0.8087 -0.8932 -0.8482 -0.7009 -0.5256 -0.3727 -0.2585 -0.1783 -0.1238 -0.0886 -0.0664 -0.0522 -0.0432 -0.0374 -0.0339 -0.0316
100.0000 100.0000 100.0000 100.0000 100.0000 100.0000 100.0000 100.0000 100.0000 100.0000 100.0000 100.0000 100.0000 100.0000 100.0000 100.0000 100.0000 100.0000 99.9999 99.9999 99.9999 99.9999 99.9999 99.9999 99.9999 99.9999 99.9999 99.9999 99.9999 -0.0312 -0.0332 -0.0362 -0.0413 -0.0490 -0.0615 -0.0809 -0.1111 -0.1586 -0.2293 -0.3325 -0.4730 -0.6442 -0.8087 -0.8933 -0.8483 -0.7007 -0.5259 -0.3730 -0.2588 -0.1782 -0.1243 -0.0891 -0.0668 -0.0526 -0.0434 -0.0375 -0.0340 -0.0318
100.0000 100.0000 100.0000 100.0000 100.0000 100.0000 100.0000 100.0000 100.0000 100.0000 100.0000 100.0000 100.0000 100.0000 100.0000 100.0000 100.0000 100.0000 99.9999 99.9999 99.9999 99.9999 99.9999 99.9999 99.9999 99.9999 99.9999 99.9999 99.9999 -0.0312 -0.0331 -0.0361 -0.0416 -0.0493 -0.0618 -0.0812 -0.1117 -0.1586 -0.2293 -0.3325 -0.4730 -0.6436 -0.8079 -0.8923 -0.8474 -0.7005 -0.5260 -0.3729 -0.2591 -0.1781 -0.1248 -0.0897 -0.0671 -0.0529 -0.0437 -0.0375 -0.0339 -0.0317
100.0000 100.0000 100.0000 100.0000 100.0000 100.0000 100.0000 100.0000 100.0000 100.0000 100.0000 100.0000 100.0000 100.0000 100.0000 100.0000 100.0000 100.0000 99.9999 99.9999 99.9999 99.9999 99.9999 99.9999 99.9999 99.9999 99.9999 99.9999 99.9999 -0.0316 -0.0335 -0.0365 -0.0415 -0.0492 -0.0618 -0.0816 -0.1122 -0.1585 -0.2295 -0.3318 -0.4726 -0.6430 -0.8064 -0.8907 -0.8458 -0.6997 -0.5253 -0.3726 -0.2588 -0.1783 -0.1249 -0.0902 -0.0671 -0.0529 -0.0436 -0.0378 -0.0343 -0.0321
100.0000 100.0000 100.0000 100.0000 100.0000 100.0000 100.0000 100.0000 100.0000 100.0000 100.0000 100.0000 100.0000 100.0000 100.0000 100.0000 100.0000 100.0000 99.9999 99.9999 99.9999 99.9999 99.9999 99.9999 99.9999 99.9999 99.9999 99.9999 99.9999 -0.0316 -0.0335 -0.0365 -0.0417 -0.0493 -0.0619 -0.0817 -0.1122 -0.1585 -0.2295 -0.3311 -0.4715 -0.6421 -0.8042 -0.8883 -0.8436 -0.6984 -0.5243 -0.3717 -0.2587 -0.1784 -0.1249 -0.0902 -0.0672 -0.0531 -0.0438 -0.0378 -0.0343 -0.0321
100.0000 100.0000 100.0000 100.0000 100.0000 100.0000 100.0000 100.0000 100.0000 100.0000 100.0000 100.0000 100.0000 100.0000 100.0000 100.0000 100.0000 100.0000 99.9999 99.9999 99.9999 99.9999 99.9999 99.9999 99.9999 99.9999 99.9999 99.9999 99.9999 -0.0324 -0.0343 -0.0373 -0.0421 -0.0498 -0.0618 -0.0808 -0.1111 -0.1588 -0.2297 -0.3330 -0.4744 -0.6463 -0.8091 -0.8935 -0.8487 -0.7032 -0.5277 -0.3744 -0.2593 -0.1787 -0.1246 -0.0892 -0.0671 -0.0530 -0.0442 -0.0386 -0.0351 -0.0329
100.0000 100.0000 100.0000 100.0000 100.0000 100.0000 100.0000 100.0000 100.0000 100.0000 100.0000 100.0000 100.0000 100.0000 100.0000 100.0000 100.0000 100.0000 99.9999 99.9999 99.9999 99.9999 99.9999 99.9999 99.9999 99.9999 99.9999 99.9999 99.9999 -0.0325 -0.0344 -0.0374 -0.0424 -0.0501 -0.0619 -0.0812 -0.1115 -0.1591 -0.2307 -0.3339 -0.4755 -0.6470 -0.8108 -0.8955 -0.8505 -0.7042 -0.5287 -0.3752 -0.2601 -0.1794 -0.1246 -0.0896 -0.0672 -0.0531 -0.0445 -0.0388 -0.0352 -0.0330
100.0000 100.0000 100.0000 100.0000 100.0000 100.0000 100.0000 100.0000 100.0000 100.0000 100.0000 100.0000 100.0000 100.0000 100.0000 100.0000 100.0000 100.0000 99.9999 99.9999 99.9999 99.9999 99.9999 99.9999 99.9999 99.9999 99.9999 99.9999 99.9999 -0.0323 -0.0343 -0.0373 -0.0423 -0.0500 -0.0624 -0.0815 -0.1118 -0.1592 -0.2314 -0.3345 -0.4761 -0.6475 -0.8117 -0.8965 -0.8515 -0.7047 -0.5294 -0.3758 -0.2611 -0.1796 -0.1250 -0.0898 -0.0677 -0.0536 -0.0444 -0.0386 -0.0351 -0.0329
100.0000 100.0000 100.0000 100.0000 100.0000 100.0000 100.0000 100.0000 100.0000 100.0000 100.0000 100.0000 100.0000 100.0000 100.0000 100.0000 100.0000 100.0000 99.9999 99.9999 99.9999 99.9999 99.9999 99.9999 99.9999 99.9999 99.9999 99.9999 99.9999 -0.0322 -0.0342 -0.0372 -0.0424 -0.0501 -0.0625 -0.0820 -0.1123 -0.1596 -0.2317 -0.3350 -0.4765 -0.6480 -0.8121 -0.8970 -0.8520 -0.7048 -0.5297 -0.3762 -0.2613 -0.1798 -0.1253 -0.0903 -0.0679 -0.0537 -0.0445 -0.0385 -0.0350 -0.0328
100.0000 100.0000 100.0000 100.0000 100.0000 100.0000 100.0000 100.0000 100.0000 100.0000 100.0000 100.0000 100.0000 100.0000 100.0000 100.0000 100.0000 100.0000 99.9999 99.9999 99.9999 99.9999 99.9999 99.9999 99.9999 99.9999 99.9999 99.9999 99.9999 -0.0322 -0.0341 -0.0371 -0.0424 -0.0501 -0.0626 -0.0823 -0.1128 -0.1599 -0.2314 -0.3352 -0.4767 -0.6478 -0.8119 -0.8968 -0.8517 -0.7045 -0.5298 -0.3763 -0.2610 -0.1801 -0.1257 -0.0907 -0.0679 -0.0537 -0.0445 -0.0385 -0.0349 -0.0327
100.0000 100.0000 100.0000 100.0000 100.0000 100.0000 100.0000 100.0000 100.0000 100.0000 100.0000 100.0000 100.0000 100.0000 100.0000 100.0000 100.0000 100.0000 99.9999 99.9999 99.9999 99.9999 99.9999 99.9999 99.9999 99.9999 99.9999 99.9999 99.9999 -0.0321 -0.0340 -0.0371 -0.0422 -0.0499 -0.0628 -0.0824 -0.1129 -0.1602 -0.2311 -0.3349 -0.4764 -0.6471 -0.8111 -0.8959 -0.8509 -0.7040 -0.5298 -0.3760 -0.2608 -0.1800 -0.1262 -0.0909 -0.0681 -0.0539 -0.0443 -0.0384 -0.0349 -0.0327
100.0000 100.0000 100.0000 100.0000 100.0000 100.0000 100.0000 100.0000 100.0000 100.0000 100.0000 100.0000 100.0000 100.0000 100.0000 100.0000 100.0000 100.0000 99.9999 99.9999 99.9999 99.9999 99.9999 99.9999 99.9999 99.9999 99.9999 99.9999 99.9999 -0.0323 -0.0342 -0.0372 -0.0425 -0.0501 -0.0625 -0.0823 -0.1132 -0.1602 -0.2310 -0.3342 -0.4758 -0.6463 -0.8097 -0.8944 -0.8494 -0.7032 -0.5291 -0.3754 -0.2607 -0.1798 -0.1264 -0.0912 -0.0678 -0.0536 -0.0446 -0.0385 -0.0350 -0.0328
100.0000 100.0000 100.0000 100.0000 100.0000 100.0000 100.0000 100.0000 100.0000 100.0000 100.0000 100.0000 100.0000 100.0000 100.0000 100.0000 100.0000 100.0000 99.9999 99.9999 99.9999 99.9999 99.9999 99.9999 99.9999 99.9999 99.9999 99.9999 99.9999 -0.0324 -0.0343 -0.0373 -0.0423 -0.0500 -0.0625 -0.0822 -0.1130 -0.1600 -0.2307 -0.3334 -0.4745 -0.6456 -0.8075 -0.8920 -0.8471 -0.7020 -0.5278 -0.3745 -0.2605 -0.1796 -0.1263 -0.0910 -0.0678 -0.0537 -0.0444 -0.0386 -0.0351 -0.0329
100.0000 100.0000 100.0000 100.0000 100.0000 100.0000 100.0000 100.0000 100.0000 100.0000 100.0000 100.0000 100.0000 100.0000 100.0000 100.0000 100.0000 100.0000 99.9999 99.9999 99.9999 99.9999 99.9999 99.9999 99.9999 99.9999 99.9999 99.9999 99.9999 -0.0338 -0.0357 -0.0387 -0.0437 -0.0513 -0.0635 -0.0827 -0.1126 -0.1603 -0.2319 -0.3357 -0.4776 -0.6492 -0.8121 -0.8968 -0.8520 -0.7065 -0.5312 -0.3775 -0.2615 -0.1806 -0.1258 -0.0908 -0.0688 -0.0547 -0.0458 -0.0401 -0.0365 -0.0343
100.0000 100.0000 100.0000 100.0000 100.0000 100.0000 100.0000 100.0000 100.0000 100.0000 100.0000 100.0000 100.0000 100.0000 100.0000 100.0000 100.0000 100.0000 99.9999 99.9999 99.9999 99.9999 99.9999 99.9999 99.9999 99.9999 99.9999 99.9999 99.9999 -0.0336 -0.0355 -0.0385 -0.0438 -0.0515 -0.0637 -0.0827 -0.1131 -0.1602 -0.2326 -0.3364 -0.4786 -0.6499 -0.8138 -0.8987 -0.8537 -0.7071 -0.5322 -0.3782 -0.2624 -0.1809 -0.1262 -0.0912 -0.0690 -0.0549 -0.0459 -0.0399 -0.0363 -0.0341
100.0000 100.0000 100.0000 100.0000 100.0000 100.0000 100.0000 100.0000 100.0000 100.0000 100.0000 100.0000 100.0000 100.0000 100.0000 100.0000 100.0000 100.0000 99.9999 99.9999 99.9999 99.9999 99.9999 99.9999 99.9999 99.9999 99.9999 99.9999 99.9999 -0.0336 -0.0355 -0.0386 -0.0435 -0.0512 -0.0636 -0.0831 -0.1134 -0.1607 -0.2328 -0.3370 -0.4792 -0.6503 -0.8144 -0.8994 -0.8544 -0.7076 -0.5328 -0.3788 -0.2631 -0.1809 -0.1265 -0.0914 -0.0689 -0.0548 -0.0457 -0.0399 -0.0364 -0.0342
100.0000 100.0000 100.0000 100.0000 100.0000 100.0000 100.0000 100.0000 100.0000 100.0000 100.0000 100.0000 100.0000 100.0000 100.0000 100.0000 100.0000 100.0000 99.9999 99.9999 99.9999 99.9999 99.9999 99.9999 99.9999 99.9999 99.9999 99.9999 99.9999 -0.0334 -0.0353 -0.0383 -0.0434 -0.0510 -0.0635 -0.0832 -0.1138 -0.1609 -0.2329 -0.3374 -0.4796 -0.6508 -0.8143 -0.8994 -0.8543 -0.7079 -0.5331 -0.3790 -0.2633 -0.1811 -0.1269 -0.0918 -0.0689 -0.0547 -0.0455 -0.0397 -0.0361 -0.0339
100.0000 100.0000 100.0000 100.0000 100.0000 100.0000 100.0000 100.0000 100.0000 100.0000 100.0000 100.0000 100.0000 100.0000 100.0000 100.0000 100.0000 100.0000 99.9999 99.9999 99.9999 99.9999 99.9999 99.9999 99.9999 99.9999 99.9999 99.9999 99.9999 -0.0331 -0.0350 -0.0380 -0.0432 -0.0509 -0.0634 -0.0831 -0.1140 -0.1611 -0.2331 -0.3375 -0.4796 -0.6507 -0.8139 -0.8990 -0.8539 -0.7076 -0.5331 -0.3789 -0.2628 -0.1813 -0.1272 -0.0920 -0.0687 -0.0546 -0.0453 -0.0394 -0.0358 -0.0336
100.0000 100.0000 100.0000 100.0000 100.0000 100.0000 100.0000 100.0000 100.0000 100.0000 100.0000 100.0000 100.0000 100.0000 100.0000 100.0000 100.0000 100.0000 99.9999 99.9999 99.9999 99.9999 99.9999 99.9999 99.9999 99.9999 99.9999 99.9999 99.9999 -0.0331 -0.0350 -0.0381 -0.0430 -0.0506 -0.0632 -0.0832 -0.1139 -0.1615 -0.2327 -0.3371 -0.4790 -0.6500 -0.8132 -0.8982 -0.8532 -0.7068 -0.5328 -0.3784 -0.2625 -0.1815 -0.1272 -0.0919 -0.0685 -0.0544 -0.0451 -0.0394 -0.0359 -0.0337
100.0000 100.0000 100.0000 100.0000 100.0000 100.0000 100.0000 100.0000 100.0000 100.0000 100.0000 100.0000 100.0000 100.0000 100.0000 100.0000 100.0000 100.0000 99.9999 99.9999 99.9999 99.9999 99.9999 99.9999 99.9999 99.9999 99.9999 99.9999 99.9999 -0.0328 -0.0347 -0.0377 -0.0430 -0.0506 -0.0632 -0.0828 -0.1137 -0.1614 -0.2323 -0.3364 -0.4782 -0.6491 -0.8118 -0.8967 -0.8518 -0.7059 -0.5320 -0.3776 -0.2621 -0.1813 -0.1273 -0.0917 -0.0685 -0.0544 -0.0451 -0.0390 -0.0355 -0.0333
100.0000 100.0000 100.0000 100.0000 100.0000 100.0000 100.0000 100.0000 100.0000 100.0000 100.0000 100.0000 100.0000 100.0000 100.0000 100.0000 100.0000 100.0000 99.9999 99.9999 99.9999 99.9999 99.9999 99.9999 99.9999 99.9999 99.9999 99.9999 99.9999 -0.0329 -0.0348 -0.0378 -0.0429 -0.0505 -0.0630 -0.0827 -0.1133 -0.1611 -0.2319 -0.3354 -0.4769 -0.6480 -0.8095 -0.8943 -0.8494 -0.7049 -0.5305 -0.3767 -0.2616 -0.1810 -0.1269 -0.0914 -0.0683 -0.0542 -0.0450 -0.0391 -0.0356 -0.0334
